>>> grasping_client.updateScene()
>>> grasping_client.objects
[object:
  header:
    seq: 0
    stamp:
      secs: 269
      nsecs: 318000000
    frame_id: base_link
  name: object0
  support_surface: surface0
  properties: []
  point_cluster:
    header:
      seq: 0
      stamp:
        secs: 0
        nsecs:         0
      frame_id: ''
    height: 1
    width: 311
    fields:
      -
        name: x
        offset: 0
        datatype: 7
        count: 1
      -
        name: y
        offset: 4
        datatype: 7
        count: 1
      -
        name: z
        offset: 8
        datatype: 7
        count: 1
      -
        name: rgb
        offset: 16
        datatype: 7
        count: 1
    is_bigendian: False
    point_step: 32
    row_step: 9952
    data: [124, 76, 68, 60, 8, 168, 232, 188, 142, 49, 161, 188, 0, 0, 128, 63, 0, 0, 0, 0, 0, 0, 0, 0, 0, 0, 0, 0, 0, 0, 0, 0, 252, 253, 233, 59, 18, 157, 235, 188, 125, 35, 160, 188, 0, 0, 128, 63, 0, 0, 0, 0, 0, 0, 0, 0, 0, 0, 0, 0, 0, 0, 0, 0, 165, 117, 250, 60, 71, 202, 220, 188, 190, 87, 114, 188, 0, 0, 128, 63, 0, 0, 0, 0, 0, 0, 0, 0, 0, 0, 0, 0, 0, 0, 0, 0, 39, 215, 220, 60, 166, 59, 223, 188, 239, 138, 112, 188, 0, 0, 128, 63, 0, 0, 0, 0, 0, 0, 0, 0, 0, 0, 0, 0, 0, 0, 0, 0, 206, 215, 180, 60, 238, 63, 226, 188, 20, 108, 121, 188, 0, 0, 128, 63, 0, 0, 0, 0, 0, 0, 0, 0, 0, 0, 0, 0, 0, 0, 0, 0, 212, 80, 141, 60, 40, 50, 229, 188, 168, 87, 119, 188, 0, 0, 128, 63, 0, 0, 0, 0, 0, 0, 0, 0, 0, 0, 0, 0, 0, 0, 0, 0, 112, 253, 71, 60, 126, 69, 232, 188, 112, 122, 115, 188, 0, 0, 128, 63, 0, 0, 0, 0, 0, 0, 0, 0, 0, 0, 0, 0, 0, 0, 0, 0, 124, 163, 223, 59, 218, 145, 235, 188, 74, 107, 116, 188, 0, 0, 128, 63, 0, 0, 0, 0, 0, 0, 0, 0, 0, 0, 0, 0, 0, 0, 0, 0, 176, 140, 220, 58, 41, 191, 238, 188, 97, 150, 125, 188, 0, 0, 128, 63, 0, 0, 0, 0, 0, 0, 0, 0, 0, 0, 0, 0, 0, 0, 0, 0, 161, 47, 88, 187, 193, 200, 241, 188, 90, 126, 121, 188, 0, 0, 128, 63, 0, 0, 0, 0, 0, 0, 0, 0, 0, 0, 0, 0, 0, 0, 0, 0, 139, 233, 4, 188, 19, 185, 244, 188, 75, 106, 119, 188, 0, 0, 128, 63, 0, 0, 0, 0, 0, 0, 0, 0, 0, 0, 0, 0, 0, 0, 0, 0, 149, 187, 83, 188, 175, 169, 247, 188, 81, 86, 117, 188, 0, 0, 128, 63, 0, 0, 0, 0, 0, 0, 0, 0, 0, 0, 0, 0, 0, 0, 0, 0, 164, 148, 146, 188, 66, 177, 250, 188, 100, 65, 113, 188, 0, 0, 128, 63, 0, 0, 0, 0, 0, 0, 0, 0, 0, 0, 0, 0, 0, 0, 0, 0, 187, 85, 188, 188, 56, 207, 253, 188, 13, 88, 112, 188, 0, 0, 128, 63, 0, 0, 0, 0, 0, 0, 0, 0, 0, 0, 0, 0, 0, 0, 0, 0, 20, 76, 221, 188, 87, 36, 0, 189, 8, 166, 115, 188, 0, 0, 128, 63, 0, 0, 0, 0, 0, 0, 0, 0, 0, 0, 0, 0, 0, 0, 0, 0, 51, 98, 250, 60, 85, 50, 218, 188, 118, 156, 45, 188, 0, 0, 128, 63, 0, 0, 0, 0, 0, 0, 0, 0, 0, 0, 0, 0, 0, 0, 0, 0, 189, 89, 254, 60, 100, 123, 188, 188, 31, 171, 37, 188, 0, 0, 128, 63, 0, 0, 0, 0, 0, 0, 0, 0, 0, 0, 0, 0, 0, 0, 0, 0, 226, 224, 252, 60, 39, 235, 166, 188, 253, 233, 4, 188, 0, 0, 128, 63, 0, 0, 0, 0, 0, 0, 0, 0, 0, 0, 0, 0, 0, 0, 0, 0, 0, 36, 222, 60, 154, 228, 222, 188, 114, 79, 34, 188, 0, 0, 128, 63, 0, 0, 0, 0, 0, 0, 0, 0, 0, 0, 0, 0, 0, 0, 0, 0, 230, 103, 180, 60, 187, 10, 226, 188, 134, 23, 44, 188, 0, 0, 128, 63, 0, 0, 0, 0, 0, 0, 0, 0, 0, 0, 0, 0, 0, 0, 0, 0, 202, 144, 137, 60, 118, 62, 229, 188, 215, 237, 44, 188, 0, 0, 128, 63, 0, 0, 0, 0, 0, 0, 0, 0, 0, 0, 0, 0, 0, 0, 0, 0, 233, 55, 63, 60, 119, 93, 232, 188, 52, 82, 40, 188, 0, 0, 128, 63, 0, 0, 0, 0, 0, 0, 0, 0, 0, 0, 0, 0, 0, 0, 0, 0, 200, 51, 225, 59, 184, 75, 235, 188, 157, 70, 38, 188, 0, 0, 128, 63, 0, 0, 0, 0, 0, 0, 0, 0, 0, 0, 0, 0, 0, 0, 0, 0, 221, 28, 8, 59, 229, 57, 238, 188, 155, 58, 36, 188, 0, 0, 128, 63, 0, 0, 0, 0, 0, 0, 0, 0, 0, 0, 0, 0, 0, 0, 0, 0, 254, 174, 60, 187, 93, 63, 241, 188, 94, 50, 32, 188, 0, 0, 128, 63, 0, 0, 0, 0, 0, 0, 0, 0, 0, 0, 0, 0, 0, 0, 0, 0, 59, 102, 2, 188, 222, 90, 244, 188, 207, 78, 31, 188, 0, 0, 128, 63, 0, 0, 0, 0, 0, 0, 0, 0, 0, 0, 0, 0, 0, 0, 0, 0, 46, 152, 85, 188, 245, 117, 247, 188, 144, 108, 30, 188, 0, 0, 128, 63, 0, 0, 0, 0, 0, 0, 0, 0, 0, 0, 0, 0, 0, 0, 0, 0, 244, 96, 148, 188, 163, 144, 250, 188, 97, 138, 29, 188, 0, 0, 128, 63, 0, 0, 0, 0, 0, 0, 0, 0, 0, 0, 0, 0, 0, 0, 0, 0, 107, 223, 188, 188, 91, 148, 253, 188, 137, 130, 25, 188, 0, 0, 128, 63, 0, 0, 0, 0, 0, 0, 0, 0, 0, 0, 0, 0, 0, 0, 0, 0, 5, 226, 220, 188, 240, 243, 255, 188, 139, 126, 19, 188, 0, 0, 128, 63, 0, 0, 0, 0, 0, 0, 0, 0, 0, 0, 0, 0, 0, 0, 0, 0, 132, 139, 247, 60, 235, 192, 220, 188, 116, 113, 169, 187, 0, 0, 128, 63, 0, 0, 0, 0, 0, 0, 0, 0, 0, 0, 0, 0, 0, 0, 0, 0, 247, 102, 251, 60, 212, 74, 145, 188, 159, 32, 200, 187, 0, 0, 128, 63, 0, 0, 0, 0, 0, 0, 0, 0, 0, 0, 0, 0, 0, 0, 0, 0, 104, 160, 249, 60, 168, 144, 110, 188, 10, 55, 114, 187, 0, 0, 128, 63, 0, 0, 0, 0, 0, 0, 0, 0, 0, 0, 0, 0, 0, 0, 0, 0, 59, 159, 218, 60, 51, 238, 222, 188, 9, 141, 179, 187, 0, 0, 128, 63, 0, 0, 0, 0, 0, 0, 0, 0, 0, 0, 0, 0, 0, 0, 0, 0, 78, 18, 178, 60, 146, 242, 225, 188, 236, 145, 171, 187, 0, 0, 128, 63, 0, 0, 0, 0, 0, 0, 0, 0, 0, 0, 0, 0, 0, 0, 0, 0, 134, 232, 138, 60, 241, 221, 228, 188, 88, 138, 167, 187, 0, 0, 128, 63, 0, 0, 0, 0, 0, 0, 0, 0, 0, 0, 0, 0, 0, 0, 0, 0, 199, 136, 71, 60, 216, 200, 231, 188, 239, 132, 163, 187, 0, 0, 128, 63, 0, 0, 0, 0, 0, 0, 0, 0, 0, 0, 0, 0, 0, 0, 0, 0, 46, 60, 237, 59, 118, 203, 234, 188, 5, 141, 155, 187, 0, 0, 128, 63, 0, 0, 0, 0, 0, 0, 0, 0, 0, 0, 0, 0, 0, 0, 0, 0, 64, 93, 5, 59, 10, 251, 237, 188, 40, 247, 154, 187, 0, 0, 128, 63, 0, 0, 0, 0, 0, 0, 0, 0, 0, 0, 0, 0, 0, 0, 0, 0, 42, 162, 79, 187, 26, 42, 241, 188, 230, 100, 154, 187, 0, 0, 128, 63, 0, 0, 0, 0, 0, 0, 0, 0, 0, 0, 0, 0, 0, 0, 0, 0, 98, 171, 4, 188, 155, 43, 244, 188, 146, 110, 146, 187, 0, 0, 128, 63, 0, 0, 0, 0, 0, 0, 0, 0, 0, 0, 0, 0, 0, 0, 0, 0, 11, 184, 82, 188, 166, 20, 247, 188, 12, 107, 142, 187, 0, 0, 128, 63, 0, 0, 0, 0, 0, 0, 0, 0, 0, 0, 0, 0, 0, 0, 0, 0, 241, 178, 143, 188, 138, 246, 249, 188, 214, 96, 153, 187, 0, 0, 128, 63, 0, 0, 0, 0, 0, 0, 0, 0, 0, 0, 0, 0, 0, 0, 0, 0, 21, 105, 187, 188, 131, 58, 253, 188, 216, 107, 152, 187, 0, 0, 128, 63, 0, 0, 0, 0, 0, 0, 0, 0, 0, 0, 0, 0, 0, 0, 0, 0, 61, 32, 221, 188, 247, 193, 255, 188, 154, 49, 158, 187, 0, 0, 128, 63, 0, 0, 0, 0, 0, 0, 0, 0, 0, 0, 0, 0, 0, 0, 0, 0, 239, 17, 250, 60, 211, 79, 220, 188, 176, 54, 93, 185, 0, 0, 128, 63, 0, 0, 0, 0, 0, 0, 0, 0, 0, 0, 0, 0, 0, 0, 0, 0, 129, 36, 248, 60, 171, 22, 67, 188, 21, 70, 220, 186, 0, 0, 128, 63, 0, 0, 0, 0, 0, 0, 0, 0, 0, 0, 0, 0, 0, 0, 0, 0, 30, 15, 246, 60, 190, 11, 6, 188, 251, 159, 150, 58, 0, 0, 128, 63, 0, 0, 0, 0, 0, 0, 0, 0, 0, 0, 0, 0, 0, 0, 0, 0, 23, 207, 220, 60, 113, 126, 222, 188, 180, 71, 252, 184, 0, 0, 128, 63, 0, 0, 0, 0, 0, 0, 0, 0, 0, 0, 0, 0, 0, 0, 0, 0, 238, 207, 181, 60, 119, 102, 225, 188, 0, 65, 38, 53, 0, 0, 128, 63, 0, 0, 0, 0, 0, 0, 0, 0, 0, 0, 0, 0, 0, 0, 0, 0, 125, 62, 140, 60, 254, 125, 228, 188, 98, 224, 143, 57, 0, 0, 128, 63, 0, 0, 0, 0, 0, 0, 0, 0, 0, 0, 0, 0, 0, 0, 0, 0, 55, 124, 65, 60, 16, 192, 231, 188, 222, 23, 250, 56, 0, 0, 128, 63, 0, 0, 0, 0, 0, 0, 0, 0, 0, 0, 0, 0, 0, 0, 0, 0, 101, 230, 220, 59, 156, 214, 234, 188, 24, 13, 206, 57, 0, 0, 128, 63, 0, 0, 0, 0, 0, 0, 0, 0, 0, 0, 0, 0, 0, 0, 0, 0, 171, 146, 2, 59, 254, 188, 237, 188, 107, 159, 6, 58, 0, 0, 128, 63, 0, 0, 0, 0, 0, 0, 0, 0, 0, 0, 0, 0, 0, 0, 0, 0, 111, 168, 45, 187, 188, 148, 240, 188, 3, 99, 3, 58, 0, 0, 128, 63, 0, 0, 0, 0, 0, 0, 0, 0, 0, 0, 0, 0, 0, 0, 0, 0, 110, 53, 255, 187, 214, 189, 243, 188, 54, 113, 93, 57, 0, 0, 128, 63, 0, 0, 0, 0, 0, 0, 0, 0, 0, 0, 0, 0, 0, 0, 0, 0, 84, 124, 83, 188, 230, 223, 246, 188, 204, 3, 125, 57, 0, 0, 128, 63, 0, 0, 0, 0, 0, 0, 0, 0, 0, 0, 0, 0, 0, 0, 0, 0, 54, 182, 148, 188, 37, 29, 250, 188, 208, 58, 166, 185, 0, 0, 128, 63, 0, 0, 0, 0, 0, 0, 0, 0, 0, 0, 0, 0, 0, 0, 0, 0, 210, 239, 188, 188, 157, 28, 253, 188, 144, 17, 33, 185, 0, 0, 128, 63, 0, 0, 0, 0, 0, 0, 0, 0, 0, 0, 0, 0, 0, 0, 0, 0, 124, 172, 220, 188, 51, 119, 255, 188, 141, 27, 88, 57, 0, 0, 128, 63, 0, 0, 0, 0, 0, 0, 0, 0, 0, 0, 0, 0, 0, 0, 0, 0, 130, 64, 252, 60, 178, 247, 217, 188, 20, 101, 150, 59, 0, 0, 128, 63, 0, 0, 0, 0, 0, 0, 0, 0, 0, 0, 0, 0, 0, 0, 0, 0, 83, 186, 255, 60, 20, 150, 191, 188, 75, 143, 214, 59, 0, 0, 128, 63, 0, 0, 0, 0, 0, 0, 0, 0, 0, 0, 0, 0, 0, 0, 0, 0, 34, 145, 244, 60, 82, 169, 180, 187, 78, 31, 80, 59, 0, 0, 128, 63, 0, 0, 0, 0, 0, 0, 0, 0, 0, 0, 0, 0, 0, 0, 0, 0, 5, 18, 243, 60, 167, 244, 57, 187, 100, 168, 170, 59, 0, 0, 128, 63, 0, 0, 0, 0, 0, 0, 0, 0, 0, 0, 0, 0, 0, 0, 0, 0, 52, 146, 241, 60, 27, 238, 35, 185, 48, 98, 237, 59, 0, 0, 128, 63, 0, 0, 0, 0, 0, 0, 0, 0, 0, 0, 0, 0, 0, 0, 0, 0, 177, 250, 222, 60, 122, 15, 222, 188, 104, 237, 169, 59, 0, 0, 128, 63, 0, 0, 0, 0, 0, 0, 0, 0, 0, 0, 0, 0, 0, 0, 0, 0, 245, 171, 180, 60, 100, 56, 225, 188, 196, 112, 170, 59, 0, 0, 128, 63, 0, 0, 0, 0, 0, 0, 0, 0, 0, 0, 0, 0, 0, 0, 0, 0, 138, 96, 138, 60, 45, 97, 228, 188, 5, 241, 170, 59, 0, 0, 128, 63, 0, 0, 0, 0, 0, 0, 0, 0, 0, 0, 0, 0, 0, 0, 0, 0, 195, 140, 68, 60, 0, 93, 231, 188, 61, 180, 178, 59, 0, 0, 128, 63, 0, 0, 0, 0, 0, 0, 0, 0, 0, 0, 0, 0, 0, 0, 0, 0, 187, 148, 241, 59, 210, 49, 234, 188, 15, 71, 178, 59, 0, 0, 128, 63, 0, 0, 0, 0, 0, 0, 0, 0, 0, 0, 0, 0, 0, 0, 0, 0, 239, 227, 19, 59, 229, 86, 237, 188, 80, 211, 168, 59, 0, 0, 128, 63, 0, 0, 0, 0, 0, 0, 0, 0, 0, 0, 0, 0, 0, 0, 0, 0, 99, 188, 75, 187, 163, 162, 240, 188, 144, 128, 161, 59, 0, 0, 128, 63, 0, 0, 0, 0, 0, 0, 0, 0, 0, 0, 0, 0, 0, 0, 0, 0, 193, 62, 4, 188, 78, 177, 243, 188, 205, 28, 149, 59, 0, 0, 128, 63, 0, 0, 0, 0, 0, 0, 0, 0, 0, 0, 0, 0, 0, 0, 0, 0, 249, 67, 84, 188, 193, 171, 246, 188, 211, 226, 156, 59, 0, 0, 128, 63, 0, 0, 0, 0, 0, 0, 0, 0, 0, 0, 0, 0, 0, 0, 0, 0, 191, 205, 144, 188, 9, 142, 249, 188, 172, 199, 160, 59, 0, 0, 128, 63, 0, 0, 0, 0, 0, 0, 0, 0, 0, 0, 0, 0, 0, 0, 0, 0, 64, 251, 185, 188, 52, 158, 252, 188, 138, 162, 169, 59, 0, 0, 128, 63, 0, 0, 0, 0, 0, 0, 0, 0, 0, 0, 0, 0, 0, 0, 0, 0, 188, 118, 219, 188, 202, 34, 255, 188, 252, 211, 159, 59, 0, 0, 128, 63, 0, 0, 0, 0, 0, 0, 0, 0, 0, 0, 0, 0, 0, 0, 0, 0, 7, 6, 249, 60, 19, 215, 219, 188, 23, 40, 45, 60, 0, 0, 128, 63, 0, 0, 0, 0, 0, 0, 0, 0, 0, 0, 0, 0, 0, 0, 0, 0, 6, 146, 254, 60, 166, 157, 174, 188, 68, 82, 5, 60, 0, 0, 128, 63, 0, 0, 0, 0, 0, 0, 0, 0, 0, 0, 0, 0, 0, 0, 0, 0, 85, 212, 252, 60, 28, 22, 149, 188, 64, 127, 44, 60, 0, 0, 128, 63, 0, 0, 0, 0, 0, 0, 0, 0, 0, 0, 0, 0, 0, 0, 0, 0, 56, 17, 240, 60, 136, 251, 37, 59, 9, 39, 24, 60, 0, 0, 128, 63, 0, 0, 0, 0, 0, 0, 0, 0, 0, 0, 0, 0, 0, 0, 0, 0, 58, 66, 238, 60, 245, 246, 188, 59, 231, 101, 64, 60, 0, 0, 128, 63, 0, 0, 0, 0, 0, 0, 0, 0, 0, 0, 0, 0, 0, 0, 0, 0, 180, 189, 220, 60, 60, 250, 221, 188, 218, 58, 37, 60, 0, 0, 128, 63, 0, 0, 0, 0, 0, 0, 0, 0, 0, 0, 0, 0, 0, 0, 0, 0, 139, 136, 179, 60, 239, 10, 225, 188, 166, 154, 41, 60, 0, 0, 128, 63, 0, 0, 0, 0, 0, 0, 0, 0, 0, 0, 0, 0, 0, 0, 0, 0, 158, 239, 140, 60, 97, 235, 227, 188, 75, 132, 43, 60, 0, 0, 128, 63, 0, 0, 0, 0, 0, 0, 0, 0, 0, 0, 0, 0, 0, 0, 0, 0, 244, 194, 74, 60, 115, 227, 230, 188, 132, 126, 39, 60, 0, 0, 128, 63, 0, 0, 0, 0, 0, 0, 0, 0, 0, 0, 0, 0, 0, 0, 0, 0, 204, 63, 225, 59, 153, 70, 234, 188, 151, 9, 33, 60, 0, 0, 128, 63, 0, 0, 0, 0, 0, 0, 0, 0, 0, 0, 0, 0, 0, 0, 0, 0, 117, 126, 253, 58, 189, 81, 237, 188, 129, 225, 26, 60, 0, 0, 128, 63, 0, 0, 0, 0, 0, 0, 0, 0, 0, 0, 0, 0, 0, 0, 0, 0, 61, 61, 64, 187, 31, 73, 240, 188, 255, 183, 30, 60, 0, 0, 128, 63, 0, 0, 0, 0, 0, 0, 0, 0, 0, 0, 0, 0, 0, 0, 0, 0, 209, 119, 255, 187, 233, 63, 243, 188, 217, 140, 34, 60, 0, 0, 128, 63, 0, 0, 0, 0, 0, 0, 0, 0, 0, 0, 0, 0, 0, 0, 0, 0, 11, 193, 83, 188, 92, 99, 246, 188, 167, 202, 34, 60, 0, 0, 128, 63, 0, 0, 0, 0, 0, 0, 0, 0, 0, 0, 0, 0, 0, 0, 0, 0, 205, 223, 147, 188, 109, 134, 249, 188, 232, 5, 35, 60, 0, 0, 128, 63, 0, 0, 0, 0, 0, 0, 0, 0, 0, 0, 0, 0, 0, 0, 0, 0, 167, 162, 187, 188, 61, 124, 252, 188, 249, 218, 38, 60, 0, 0, 128, 63, 0, 0, 0, 0, 0, 0, 0, 0, 0, 0, 0, 0, 0, 0, 0, 0, 109, 52, 220, 188, 214, 231, 254, 188, 208, 85, 43, 60, 0, 0, 128, 63, 0, 0, 0, 0, 0, 0, 0, 0, 0, 0, 0, 0, 0, 0, 0, 0, 46, 125, 250, 60, 57, 126, 219, 188, 111, 166, 121, 60, 0, 0, 128, 63, 0, 0, 0, 0, 0, 0, 0, 0, 0, 0, 0, 0, 0, 0, 0, 0, 212, 234, 249, 60, 15, 199, 84, 188, 60, 4, 110, 60, 0, 0, 128, 63, 0, 0, 0, 0, 0, 0, 0, 0, 0, 0, 0, 0, 0, 0, 0, 0, 2, 42, 248, 60, 251, 92, 33, 188, 138, 187, 138, 60, 0, 0, 128, 63, 0, 0, 0, 0, 0, 0, 0, 0, 0, 0, 0, 0, 0, 0, 0, 0, 191, 12, 237, 60, 101, 230, 1, 60, 3, 76, 91, 60, 0, 0, 128, 63, 0, 0, 0, 0, 0, 0, 0, 0, 0, 0, 0, 0, 0, 0, 0, 0, 80, 59, 235, 60, 13, 42, 55, 60, 60, 224, 129, 60, 0, 0, 128, 63, 0, 0, 0, 0, 0, 0, 0, 0, 0, 0, 0, 0, 0, 0, 0, 0, 41, 166, 221, 60, 142, 164, 221, 188, 226, 15, 123, 60, 0, 0, 128, 63, 0, 0, 0, 0, 0, 0, 0, 0, 0, 0, 0, 0, 0, 0, 0, 0, 163, 54, 183, 60, 85, 130, 224, 188, 234, 241, 124, 60, 0, 0, 128, 63, 0, 0, 0, 0, 0, 0, 0, 0, 0, 0, 0, 0, 0, 0, 0, 0, 59, 209, 142, 60, 53, 136, 227, 188, 23, 8, 123, 60, 0, 0, 128, 63, 0, 0, 0, 0, 0, 0, 0, 0, 0, 0, 0, 0, 0, 0, 0, 0, 250, 89, 66, 60, 107, 253, 230, 188, 131, 192, 107, 60, 0, 0, 128, 63, 0, 0, 0, 0, 0, 0, 0, 0, 0, 0, 0, 0, 0, 0, 0, 0, 73, 133, 229, 59, 133, 244, 233, 188, 178, 81, 110, 60, 0, 0, 128, 63, 0, 0, 0, 0, 0, 0, 0, 0, 0, 0, 0, 0, 0, 0, 0, 0, 48, 235, 23, 59, 94, 209, 236, 188, 79, 52, 112, 60, 0, 0, 128, 63, 0, 0, 0, 0, 0, 0, 0, 0, 0, 0, 0, 0, 0, 0, 0, 0, 220, 73, 47, 187, 32, 220, 239, 188, 50, 134, 116, 60, 0, 0, 128, 63, 0, 0, 0, 0, 0, 0, 0, 0, 0, 0, 0, 0, 0, 0, 0, 0, 156, 143, 1, 188, 203, 17, 243, 188, 122, 2, 114, 60, 0, 0, 128, 63, 0, 0, 0, 0, 0, 0, 0, 0, 0, 0, 0, 0, 0, 0, 0, 0, 186, 67, 83, 188, 214, 27, 246, 188, 45, 83, 118, 60, 0, 0, 128, 63, 0, 0, 0, 0, 0, 0, 0, 0, 0, 0, 0, 0, 0, 0, 0, 0, 230, 56, 145, 188, 33, 14, 249, 188, 152, 25, 122, 60, 0, 0, 128, 63, 0, 0, 0, 0, 0, 0, 0, 0, 0, 0, 0, 0, 0, 0, 0, 0, 91, 253, 186, 188, 34, 45, 252, 188, 58, 83, 122, 60, 0, 0, 128, 63, 0, 0, 0, 0, 0, 0, 0, 0, 0, 0, 0, 0, 0, 0, 0, 0, 202, 26, 219, 188, 46, 149, 254, 188, 12, 111, 120, 60, 0, 0, 128, 63, 0, 0, 0, 0, 0, 0, 0, 0, 0, 0, 0, 0, 0, 0, 0, 0, 102, 225, 252, 60, 254, 157, 218, 188, 218, 187, 163, 60, 0, 0, 128, 63, 0, 0, 0, 0, 0, 0, 0, 0, 0, 0, 0, 0, 0, 0, 0, 0, 178, 208, 0, 61, 6, 239, 202, 188, 12, 98, 179, 60, 0, 0, 128, 63, 0, 0, 0, 0, 0, 0, 0, 0, 0, 0, 0, 0, 0, 0, 0, 0, 197, 178, 246, 60, 109, 194, 236, 187, 213, 56, 155, 60, 0, 0, 128, 63, 0, 0, 0, 0, 0, 0, 0, 0, 0, 0, 0, 0, 0, 0, 0, 0, 131, 239, 244, 60, 164, 95, 133, 187, 206, 13, 175, 60, 0, 0, 128, 63, 0, 0, 0, 0, 0, 0, 0, 0, 0, 0, 0, 0, 0, 0, 0, 0, 145, 182, 233, 60, 94, 167, 99, 60, 70, 197, 146, 60, 0, 0, 128, 63, 0, 0, 0, 0, 0, 0, 0, 0, 0, 0, 0, 0, 0, 0, 0, 0, 138, 226, 231, 60, 105, 155, 140, 60, 78, 28, 167, 60, 0, 0, 128, 63, 0, 0, 0, 0, 0, 0, 0, 0, 0, 0, 0, 0, 0, 0, 0, 0, 194, 200, 223, 60, 121, 56, 221, 188, 97, 194, 167, 60, 0, 0, 128, 63, 0, 0, 0, 0, 0, 0, 0, 0, 0, 0, 0, 0, 0, 0, 0, 0, 131, 0, 181, 60, 180, 107, 224, 188, 60, 19, 167, 60, 0, 0, 128, 63, 0, 0, 0, 0, 0, 0, 0, 0, 0, 0, 0, 0, 0, 0, 0, 0, 157, 62, 137, 60, 126, 188, 227, 188, 97, 173, 159, 60, 0, 0, 128, 63, 0, 0, 0, 0, 0, 0, 0, 0, 0, 0, 0, 0, 0, 0, 0, 0, 154, 181, 71, 60, 193, 135, 230, 188, 72, 141, 159, 60, 0, 0, 128, 63, 0, 0, 0, 0, 0, 0, 0, 0, 0, 0, 0, 0, 0, 0, 0, 0, 119, 66, 241, 59, 240, 120, 233, 188, 102, 107, 161, 60, 0, 0, 128, 63, 0, 0, 0, 0, 0, 0, 0, 0, 0, 0, 0, 0, 0, 0, 0, 0, 112, 102, 12, 59, 1, 172, 236, 188, 88, 188, 160, 60, 0, 0, 128, 63, 0, 0, 0, 0, 0, 0, 0, 0, 0, 0, 0, 0, 0, 0, 0, 0, 31, 137, 66, 187, 232, 201, 239, 188, 125, 144, 162, 60, 0, 0, 128, 63, 0, 0, 0, 0, 0, 0, 0, 0, 0, 0, 0, 0, 0, 0, 0, 0, 53, 234, 249, 187, 48, 162, 242, 188, 61, 125, 163, 60, 0, 0, 128, 63, 0, 0, 0, 0, 0, 0, 0, 0, 0, 0, 0, 0, 0, 0, 0, 0, 192, 143, 80, 188, 247, 190, 245, 188, 2, 81, 165, 60, 0, 0, 128, 63, 0, 0, 0, 0, 0, 0, 0, 0, 0, 0, 0, 0, 0, 0, 0, 0, 34, 250, 146, 188, 161, 240, 248, 188, 84, 161, 164, 60, 0, 0, 128, 63, 0, 0, 0, 0, 0, 0, 0, 0, 0, 0, 0, 0, 0, 0, 0, 0, 218, 91, 186, 188, 14, 223, 251, 188, 164, 126, 166, 60, 0, 0, 128, 63, 0, 0, 0, 0, 0, 0, 0, 0, 0, 0, 0, 0, 0, 0, 0, 0, 112, 172, 219, 188, 6, 91, 254, 188, 118, 77, 167, 60, 0, 0, 128, 63, 0, 0, 0, 0, 0, 0, 0, 0, 0, 0, 0, 0, 0, 0, 0, 0, 9, 116, 249, 60, 52, 9, 219, 188, 101, 158, 210, 60, 0, 0, 128, 63, 0, 0, 0, 0, 0, 0, 0, 0, 0, 0, 0, 0, 0, 0, 0, 0, 176, 26, 0, 61, 192, 16, 182, 188, 98, 141, 195, 60, 0, 0, 128, 63, 0, 0, 0, 0, 0, 0, 0, 0, 0, 0, 0, 0, 0, 0, 0, 0, 119, 127, 254, 60, 247, 245, 156, 188, 187, 0, 215, 60, 0, 0, 128, 63, 0, 0, 0, 0, 0, 0, 0, 0, 0, 0, 0, 0, 0, 0, 0, 0, 227, 193, 243, 60, 124, 139, 0, 187, 247, 78, 188, 60, 0, 0, 128, 63, 0, 0, 0, 0, 0, 0, 0, 0, 0, 0, 0, 0, 0, 0, 0, 0, 80, 252, 241, 60, 188, 150, 158, 58, 218, 61, 208, 60, 0, 0, 128, 63, 0, 0, 0, 0, 0, 0, 0, 0, 0, 0, 0, 0, 0, 0, 0, 0, 60, 34, 229, 60, 202, 232, 180, 60, 99, 184, 197, 60, 0, 0, 128, 63, 0, 0, 0, 0, 0, 0, 0, 0, 0, 0, 0, 0, 0, 0, 0, 0, 170, 153, 227, 60, 108, 95, 203, 60, 0, 200, 214, 60, 0, 0, 128, 63, 0, 0, 0, 0, 0, 0, 0, 0, 0, 0, 0, 0, 0, 0, 0, 0, 1, 147, 221, 60, 170, 36, 221, 188, 196, 192, 206, 60, 0, 0, 128, 63, 0, 0, 0, 0, 0, 0, 0, 0, 0, 0, 0, 0, 0, 0, 0, 0, 79, 252, 226, 60, 63, 96, 212, 60, 147, 158, 221, 60, 0, 0, 128, 63, 0, 0, 0, 0, 0, 0, 0, 0, 0, 0, 0, 0, 0, 0, 0, 0, 37, 244, 180, 60, 252, 41, 224, 188, 78, 219, 208, 60, 0, 0, 128, 63, 0, 0, 0, 0, 0, 0, 0, 0, 0, 0, 0, 0, 0, 0, 0, 0, 177, 237, 142, 60, 238, 13, 227, 188, 119, 15, 201, 60, 0, 0, 128, 63, 0, 0, 0, 0, 0, 0, 0, 0, 0, 0, 0, 0, 0, 0, 0, 0, 202, 104, 72, 60, 126, 62, 230, 188, 56, 100, 201, 60, 0, 0, 128, 63, 0, 0, 0, 0, 0, 0, 0, 0, 0, 0, 0, 0, 0, 0, 0, 0, 154, 129, 230, 59, 6, 110, 233, 188, 241, 179, 200, 60, 0, 0, 128, 63, 0, 0, 0, 0, 0, 0, 0, 0, 0, 0, 0, 0, 0, 0, 0, 0, 225, 90, 18, 59, 58, 91, 236, 188, 73, 140, 202, 60, 0, 0, 128, 63, 0, 0, 0, 0, 0, 0, 0, 0, 0, 0, 0, 0, 0, 0, 0, 0, 234, 187, 49, 187, 160, 94, 239, 188, 158, 166, 204, 60, 0, 0, 128, 63, 0, 0, 0, 0, 0, 0, 0, 0, 0, 0, 0, 0, 0, 0, 0, 0, 16, 91, 1, 188, 196, 140, 242, 188, 220, 102, 203, 60, 0, 0, 128, 63, 0, 0, 0, 0, 0, 0, 0, 0, 0, 0, 0, 0, 0, 0, 0, 0, 28, 72, 82, 188, 85, 143, 245, 188, 122, 129, 205, 60, 0, 0, 128, 63, 0, 0, 0, 0, 0, 0, 0, 0, 0, 0, 0, 0, 0, 0, 0, 0, 187, 90, 144, 188, 101, 122, 248, 188, 217, 87, 207, 60, 0, 0, 128, 63, 0, 0, 0, 0, 0, 0, 0, 0, 0, 0, 0, 0, 0, 0, 0, 0, 146, 212, 186, 188, 244, 167, 251, 188, 95, 168, 206, 60, 0, 0, 128, 63, 0, 0, 0, 0, 0, 0, 0, 0, 0, 0, 0, 0, 0, 0, 0, 0, 95, 59, 220, 188, 134, 33, 254, 188, 161, 245, 209, 60, 0, 0, 128, 63, 0, 0, 0, 0, 0, 0, 0, 0, 0, 0, 0, 0, 0, 0, 0, 0, 161, 18, 250, 60, 66, 210, 218, 188, 20, 180, 237, 60, 0, 0, 128, 63, 0, 0, 0, 0, 0, 0, 0, 0, 0, 0, 0, 0, 0, 0, 0, 0, 54, 122, 248, 60, 130, 253, 190, 188, 163, 212, 243, 60, 0, 0, 128, 63, 0, 0, 0, 0, 0, 0, 0, 0, 0, 0, 0, 0, 0, 0, 0, 0, 206, 6, 249, 60, 215, 90, 138, 188, 8, 98, 237, 60, 0, 0, 128, 63, 0, 0, 0, 0, 0, 0, 0, 0, 0, 0, 0, 0, 0, 0, 0, 0, 50, 129, 247, 60, 19, 199, 94, 188, 6, 133, 242, 60, 0, 0, 128, 63, 0, 0, 0, 0, 0, 0, 0, 0, 0, 0, 0, 0, 0, 0, 0, 0, 241, 80, 245, 60, 252, 80, 11, 188, 215, 5, 243, 60, 0, 0, 128, 63, 0, 0, 0, 0, 0, 0, 0, 0, 0, 0, 0, 0, 0, 0, 0, 0, 3, 255, 238, 60, 73, 194, 45, 187, 90, 190, 242, 60, 0, 0, 128, 63, 0, 0, 0, 0, 0, 0, 0, 0, 0, 0, 0, 0, 0, 0, 0, 0, 121, 129, 240, 60, 80, 223, 124, 59, 183, 227, 224, 60, 0, 0, 128, 63, 0, 0, 0, 0, 0, 0, 0, 0, 0, 0, 0, 0, 0, 0, 0, 0, 9, 247, 238, 60, 55, 170, 204, 59, 128, 82, 237, 60, 0, 0, 128, 63, 0, 0, 0, 0, 0, 0, 0, 0, 0, 0, 0, 0, 0, 0, 0, 0, 136, 203, 232, 60, 169, 6, 75, 60, 89, 242, 241, 60, 0, 0, 128, 63, 0, 0, 0, 0, 0, 0, 0, 0, 0, 0, 0, 0, 0, 0, 0, 0, 202, 155, 221, 60, 94, 241, 220, 188, 151, 96, 238, 60, 0, 0, 128, 63, 0, 0, 0, 0, 0, 0, 0, 0, 0, 0, 0, 0, 0, 0, 0, 0, 178, 26, 220, 60, 202, 254, 186, 188, 102, 7, 244, 60, 0, 0, 128, 63, 0, 0, 0, 0, 0, 0, 0, 0, 0, 0, 0, 0, 0, 0, 0, 0, 159, 220, 220, 60, 77, 177, 141, 188, 7, 182, 243, 60, 0, 0, 128, 63, 0, 0, 0, 0, 0, 0, 0, 0, 0, 0, 0, 0, 0, 0, 0, 0, 39, 14, 216, 60, 109, 34, 85, 188, 49, 130, 243, 60, 0, 0, 128, 63, 0, 0, 0, 0, 0, 0, 0, 0, 0, 0, 0, 0, 0, 0, 0, 0, 8, 107, 218, 60, 117, 37, 16, 188, 175, 64, 243, 60, 0, 0, 128, 63, 0, 0, 0, 0, 0, 0, 0, 0, 0, 0, 0, 0, 0, 0, 0, 0, 201, 115, 214, 60, 129, 176, 53, 187, 250, 241, 242, 60, 0, 0, 128, 63, 0, 0, 0, 0, 0, 0, 0, 0, 0, 0, 0, 0, 0, 0, 0, 0, 88, 118, 214, 60, 159, 183, 221, 58, 187, 177, 242, 60, 0, 0, 128, 63, 0, 0, 0, 0, 0, 0, 0, 0, 0, 0, 0, 0, 0, 0, 0, 0, 107, 119, 214, 60, 166, 108, 203, 59, 148, 112, 242, 60, 0, 0, 128, 63, 0, 0, 0, 0, 0, 0, 0, 0, 0, 0, 0, 0, 0, 0, 0, 0, 150, 208, 207, 60, 70, 1, 73, 60, 237, 38, 242, 60, 0, 0, 128, 63, 0, 0, 0, 0, 0, 0, 0, 0, 0, 0, 0, 0, 0, 0, 0, 0, 230, 207, 212, 60, 132, 150, 138, 60, 213, 217, 241, 60, 0, 0, 128, 63, 0, 0, 0, 0, 0, 0, 0, 0, 0, 0, 0, 0, 0, 0, 0, 0, 239, 193, 207, 60, 169, 184, 176, 60, 236, 160, 241, 60, 0, 0, 128, 63, 0, 0, 0, 0, 0, 0, 0, 0, 0, 0, 0, 0, 0, 0, 0, 0, 0, 117, 210, 60, 197, 199, 218, 60, 212, 59, 238, 60, 0, 0, 128, 63, 0, 0, 0, 0, 0, 0, 0, 0, 0, 0, 0, 0, 0, 0, 0, 0, 3, 179, 207, 60, 248, 153, 254, 60, 61, 24, 241, 60, 0, 0, 128, 63, 0, 0, 0, 0, 0, 0, 0, 0, 0, 0, 0, 0, 0, 0, 0, 0, 121, 172, 183, 60, 123, 197, 223, 188, 73, 70, 239, 60, 0, 0, 128, 63, 0, 0, 0, 0, 0, 0, 0, 0, 0, 0, 0, 0, 0, 0, 0, 0, 59, 72, 179, 60, 109, 236, 189, 188, 51, 95, 244, 60, 0, 0, 128, 63, 0, 0, 0, 0, 0, 0, 0, 0, 0, 0, 0, 0, 0, 0, 0, 0, 129, 198, 179, 60, 216, 166, 144, 188, 179, 14, 244, 60, 0, 0, 128, 63, 0, 0, 0, 0, 0, 0, 0, 0, 0, 0, 0, 0, 0, 0, 0, 0, 162, 66, 177, 60, 138, 67, 88, 188, 195, 211, 243, 60, 0, 0, 128, 63, 0, 0, 0, 0, 0, 0, 0, 0, 0, 0, 0, 0, 0, 0, 0, 0, 125, 184, 174, 60, 53, 91, 14, 188, 244, 151, 243, 60, 0, 0, 128, 63, 0, 0, 0, 0, 0, 0, 0, 0, 0, 0, 0, 0, 0, 0, 0, 0, 198, 46, 175, 60, 54, 95, 66, 187, 179, 68, 243, 60, 0, 0, 128, 63, 0, 0, 0, 0, 0, 0, 0, 0, 0, 0, 0, 0, 0, 0, 0, 0, 37, 13, 170, 60, 254, 2, 193, 58, 56, 15, 243, 60, 0, 0, 128, 63, 0, 0, 0, 0, 0, 0, 0, 0, 0, 0, 0, 0, 0, 0, 0, 0, 228, 199, 174, 60, 105, 2, 197, 59, 247, 195, 242, 60, 0, 0, 128, 63, 0, 0, 0, 0, 0, 0, 0, 0, 0, 0, 0, 0, 0, 0, 0, 0, 205, 216, 167, 60, 132, 198, 69, 60, 250, 122, 242, 60, 0, 0, 128, 63, 0, 0, 0, 0, 0, 0, 0, 0, 0, 0, 0, 0, 0, 0, 0, 0, 68, 161, 172, 60, 184, 246, 136, 60, 106, 46, 242, 60, 0, 0, 128, 63, 0, 0, 0, 0, 0, 0, 0, 0, 0, 0, 0, 0, 0, 0, 0, 0, 207, 91, 167, 60, 105, 22, 175, 60, 202, 245, 241, 60, 0, 0, 128, 63, 0, 0, 0, 0, 0, 0, 0, 0, 0, 0, 0, 0, 0, 0, 0, 0, 99, 9, 162, 60, 241, 147, 213, 60, 53, 189, 241, 60, 0, 0, 128, 63, 0, 0, 0, 0, 0, 0, 0, 0, 0, 0, 0, 0, 0, 0, 0, 0, 29, 220, 166, 60, 228, 242, 252, 60, 50, 110, 241, 60, 0, 0, 128, 63, 0, 0, 0, 0, 0, 0, 0, 0, 0, 0, 0, 0, 0, 0, 0, 0, 138, 49, 139, 60, 196, 200, 226, 188, 5, 214, 235, 60, 0, 0, 128, 63, 0, 0, 0, 0, 0, 0, 0, 0, 0, 0, 0, 0, 0, 0, 0, 0, 118, 243, 140, 60, 111, 119, 191, 188, 132, 175, 244, 60, 0, 0, 128, 63, 0, 0, 0, 0, 0, 0, 0, 0, 0, 0, 0, 0, 0, 0, 0, 0, 175, 131, 136, 60, 78, 202, 143, 188, 34, 101, 244, 60, 0, 0, 128, 63, 0, 0, 0, 0, 0, 0, 0, 0, 0, 0, 0, 0, 0, 0, 0, 0, 109, 119, 138, 60, 34, 101, 91, 188, 85, 37, 244, 60, 0, 0, 128, 63, 0, 0, 0, 0, 0, 0, 0, 0, 0, 0, 0, 0, 0, 0, 0, 0, 82, 51, 133, 60, 85, 93, 20, 188, 146, 241, 243, 60, 0, 0, 128, 63, 0, 0, 0, 0, 0, 0, 0, 0, 0, 0, 0, 0, 0, 0, 0, 0, 14, 234, 135, 60, 211, 12, 79, 187, 76, 151, 243, 60, 0, 0, 128, 63, 0, 0, 0, 0, 0, 0, 0, 0, 0, 0, 0, 0, 0, 0, 0, 0, 129, 147, 130, 60, 48, 132, 167, 58, 53, 98, 243, 60, 0, 0, 128, 63, 0, 0, 0, 0, 0, 0, 0, 0, 0, 0, 0, 0, 0, 0, 0, 0, 96, 139, 132, 60, 202, 172, 184, 59, 112, 31, 243, 60, 0, 0, 128, 63, 0, 0, 0, 0, 0, 0, 0, 0, 0, 0, 0, 0, 0, 0, 0, 0, 181, 194, 127, 60, 136, 139, 66, 60, 38, 207, 242, 60, 0, 0, 128, 63, 0, 0, 0, 0, 0, 0, 0, 0, 0, 0, 0, 0, 0, 0, 0, 0, 78, 218, 126, 60, 221, 34, 135, 60, 105, 141, 242, 60, 0, 0, 128, 63, 0, 0, 0, 0, 0, 0, 0, 0, 0, 0, 0, 0, 0, 0, 0, 0, 252, 235, 125, 60, 46, 116, 173, 60, 40, 75, 242, 60, 0, 0, 128, 63, 0, 0, 0, 0, 0, 0, 0, 0, 0, 0, 0, 0, 0, 0, 0, 0, 32, 215, 114, 60, 96, 239, 211, 60, 157, 18, 242, 60, 0, 0, 128, 63, 0, 0, 0, 0, 0, 0, 0, 0, 0, 0, 0, 0, 0, 0, 0, 0, 157, 122, 128, 60, 115, 133, 249, 60, 30, 194, 241, 60, 0, 0, 128, 63, 0, 0, 0, 0, 0, 0, 0, 0, 0, 0, 0, 0, 0, 0, 0, 0, 13, 120, 67, 60, 90, 105, 229, 188, 55, 226, 235, 60, 0, 0, 128, 63, 0, 0, 0, 0, 0, 0, 0, 0, 0, 0, 0, 0, 0, 0, 0, 0, 241, 82, 72, 60, 161, 100, 194, 188, 97, 7, 245, 60, 0, 0, 128, 63, 0, 0, 0, 0, 0, 0, 0, 0, 0, 0, 0, 0, 0, 0, 0, 0, 69, 220, 62, 60, 52, 191, 146, 188, 110, 189, 244, 60, 0, 0, 128, 63, 0, 0, 0, 0, 0, 0, 0, 0, 0, 0, 0, 0, 0, 0, 0, 0, 14, 166, 61, 60, 71, 233, 94, 188, 253, 128, 244, 60, 0, 0, 128, 63, 0, 0, 0, 0, 0, 0, 0, 0, 0, 0, 0, 0, 0, 0, 0, 0, 69, 105, 60, 60, 195, 130, 23, 188, 166, 67, 244, 60, 0, 0, 128, 63, 0, 0, 0, 0, 0, 0, 0, 0, 0, 0, 0, 0, 0, 0, 0, 0, 40, 66, 60, 60, 142, 85, 103, 187, 106, 241, 243, 60, 0, 0, 128, 63, 0, 0, 0, 0, 0, 0, 0, 0, 0, 0, 0, 0, 0, 0, 0, 0, 88, 52, 54, 60, 145, 1, 142, 58, 50, 181, 243, 60, 0, 0, 128, 63, 0, 0, 0, 0, 0, 0, 0, 0, 0, 0, 0, 0, 0, 0, 0, 0, 50, 236, 52, 60, 1, 98, 183, 59, 133, 117, 243, 60, 0, 0, 128, 63, 0, 0, 0, 0, 0, 0, 0, 0, 0, 0, 0, 0, 0, 0, 0, 0, 94, 212, 47, 60, 145, 80, 63, 60, 82, 35, 243, 60, 0, 0, 128, 63, 0, 0, 0, 0, 0, 0, 0, 0, 0, 0, 0, 0, 0, 0, 0, 0, 191, 114, 36, 60, 5, 79, 133, 60, 135, 236, 242, 60, 0, 0, 128, 63, 0, 0, 0, 0, 0, 0, 0, 0, 0, 0, 0, 0, 0, 0, 0, 0, 241, 32, 45, 60, 246, 209, 171, 60, 5, 160, 242, 60, 0, 0, 128, 63, 0, 0, 0, 0, 0, 0, 0, 0, 0, 0, 0, 0, 0, 0, 0, 0, 0, 156, 33, 60, 208, 74, 210, 60, 5, 104, 242, 60, 0, 0, 128, 63, 0, 0, 0, 0, 0, 0, 0, 0, 0, 0, 0, 0, 0, 0, 0, 0, 157, 60, 46, 60, 194, 153, 236, 60, 231, 44, 242, 60, 0, 0, 128, 63, 0, 0, 0, 0, 0, 0, 0, 0, 0, 0, 0, 0, 0, 0, 0, 0, 184, 254, 238, 59, 207, 206, 231, 188, 54, 150, 236, 60, 0, 0, 128, 63, 0, 0, 0, 0, 0, 0, 0, 0, 0, 0, 0, 0, 0, 0, 0, 0, 123, 172, 228, 59, 109, 142, 193, 188, 43, 93, 245, 60, 0, 0, 128, 63, 0, 0, 0, 0, 0, 0, 0, 0, 0, 0, 0, 0, 0, 0, 0, 0, 4, 90, 227, 59, 19, 77, 148, 188, 126, 14, 245, 60, 0, 0, 128, 63, 0, 0, 0, 0, 0, 0, 0, 0, 0, 0, 0, 0, 0, 0, 0, 0, 214, 187, 204, 59, 168, 109, 98, 188, 132, 220, 244, 60, 0, 0, 128, 63, 0, 0, 0, 0, 0, 0, 0, 0, 0, 0, 0, 0, 0, 0, 0, 0, 184, 216, 220, 59, 108, 167, 26, 188, 121, 149, 244, 60, 0, 0, 128, 63, 0, 0, 0, 0, 0, 0, 0, 0, 0, 0, 0, 0, 0, 0, 0, 0, 197, 83, 200, 59, 58, 253, 95, 187, 60, 73, 244, 60, 0, 0, 128, 63, 0, 0, 0, 0, 0, 0, 0, 0, 0, 0, 0, 0, 0, 0, 0, 0, 73, 132, 206, 59, 40, 2, 105, 58, 78, 8, 244, 60, 0, 0, 128, 63, 0, 0, 0, 0, 0, 0, 0, 0, 0, 0, 0, 0, 0, 0, 0, 0, 172, 106, 193, 59, 204, 22, 182, 59, 230, 203, 243, 60, 0, 0, 128, 63, 0, 0, 0, 0, 0, 0, 0, 0, 0, 0, 0, 0, 0, 0, 0, 0, 14, 205, 191, 59, 160, 21, 60, 60, 60, 119, 243, 60, 0, 0, 128, 63, 0, 0, 0, 0, 0, 0, 0, 0, 0, 0, 0, 0, 0, 0, 0, 0, 194, 46, 168, 59, 66, 175, 131, 60, 250, 64, 243, 60, 0, 0, 128, 63, 0, 0, 0, 0, 0, 0, 0, 0, 0, 0, 0, 0, 0, 0, 0, 0, 228, 172, 184, 59, 160, 47, 170, 60, 2, 245, 242, 60, 0, 0, 128, 63, 0, 0, 0, 0, 0, 0, 0, 0, 0, 0, 0, 0, 0, 0, 0, 0, 253, 194, 160, 59, 66, 166, 208, 60, 108, 189, 242, 60, 0, 0, 128, 63, 0, 0, 0, 0, 0, 0, 0, 0, 0, 0, 0, 0, 0, 0, 0, 0, 54, 109, 185, 59, 108, 243, 234, 60, 181, 130, 242, 60, 0, 0, 128, 63, 0, 0, 0, 0, 0, 0, 0, 0, 0, 0, 0, 0, 0, 0, 0, 0, 154, 127, 19, 59, 242, 68, 234, 188, 139, 3, 238, 60, 0, 0, 128, 63, 0, 0, 0, 0, 0, 0, 0, 0, 0, 0, 0, 0, 0, 0, 0, 0, 182, 13, 3, 59, 90, 123, 196, 188, 231, 180, 245, 60, 0, 0, 128, 63, 0, 0, 0, 0, 0, 0, 0, 0, 0, 0, 0, 0, 0, 0, 0, 0, 127, 152, 252, 58, 198, 65, 151, 188, 218, 102, 245, 60, 0, 0, 128, 63, 0, 0, 0, 0, 0, 0, 0, 0, 0, 0, 0, 0, 0, 0, 0, 0, 62, 72, 198, 58, 176, 141, 101, 188, 181, 45, 245, 60, 0, 0, 128, 63, 0, 0, 0, 0, 0, 0, 0, 0, 0, 0, 0, 0, 0, 0, 0, 0, 185, 190, 219, 58, 186, 167, 32, 188, 163, 238, 244, 60, 0, 0, 128, 63, 0, 0, 0, 0, 0, 0, 0, 0, 0, 0, 0, 0, 0, 0, 0, 0, 154, 200, 132, 58, 201, 64, 120, 187, 153, 163, 244, 60, 0, 0, 128, 63, 0, 0, 0, 0, 0, 0, 0, 0, 0, 0, 0, 0, 0, 0, 0, 0, 108, 132, 194, 58, 143, 5, 54, 58, 74, 91, 244, 60, 0, 0, 128, 63, 0, 0, 0, 0, 0, 0, 0, 0, 0, 0, 0, 0, 0, 0, 0, 0, 34, 35, 68, 58, 30, 194, 169, 59, 248, 38, 244, 60, 0, 0, 128, 63, 0, 0, 0, 0, 0, 0, 0, 0, 0, 0, 0, 0, 0, 0, 0, 0, 218, 149, 127, 58, 245, 218, 56, 60, 102, 203, 243, 60, 0, 0, 128, 63, 0, 0, 0, 0, 0, 0, 0, 0, 0, 0, 0, 0, 0, 0, 0, 0, 92, 37, 111, 57, 97, 15, 130, 60, 140, 149, 243, 60, 0, 0, 128, 63, 0, 0, 0, 0, 0, 0, 0, 0, 0, 0, 0, 0, 0, 0, 0, 0, 122, 201, 56, 58, 110, 141, 168, 60, 221, 73, 243, 60, 0, 0, 128, 63, 0, 0, 0, 0, 0, 0, 0, 0, 0, 0, 0, 0, 0, 0, 0, 0, 176, 84, 88, 184, 121, 1, 207, 60, 242, 18, 243, 60, 0, 0, 128, 63, 0, 0, 0, 0, 0, 0, 0, 0, 0, 0, 0, 0, 0, 0, 0, 0, 213, 19, 51, 58, 59, 77, 233, 60, 131, 216, 242, 60, 0, 0, 128, 63, 0, 0, 0, 0, 0, 0, 0, 0, 0, 0, 0, 0, 0, 0, 0, 0, 160, 43, 63, 187, 1, 61, 237, 188, 23, 109, 237, 60, 0, 0, 128, 63, 0, 0, 0, 0, 0, 0, 0, 0, 0, 0, 0, 0, 0, 0, 0, 0, 161, 10, 67, 187, 74, 104, 199, 188, 152, 12, 246, 60, 0, 0, 128, 63, 0, 0, 0, 0, 0, 0, 0, 0, 0, 0, 0, 0, 0, 0, 0, 0, 117, 64, 92, 187, 234, 101, 150, 188, 4, 189, 245, 60, 0, 0, 128, 63, 0, 0, 0, 0, 0, 0, 0, 0, 0, 0, 0, 0, 0, 0, 0, 0, 115, 45, 83, 187, 116, 173, 104, 188, 68, 127, 245, 60, 0, 0, 128, 63, 0, 0, 0, 0, 0, 0, 0, 0, 0, 0, 0, 0, 0, 0, 0, 0, 170, 74, 112, 187, 223, 221, 30, 188, 204, 69, 245, 60, 0, 0, 128, 63, 0, 0, 0, 0, 0, 0, 0, 0, 0, 0, 0, 0, 0, 0, 0, 0, 29, 185, 119, 187, 11, 117, 130, 187, 208, 245, 244, 60, 0, 0, 128, 63, 0, 0, 0, 0, 0, 0, 0, 0, 0, 0, 0, 0, 0, 0, 0, 0, 115, 130, 90, 187, 56, 13, 3, 58, 5, 174, 244, 60, 0, 0, 128, 63, 0, 0, 0, 0, 0, 0, 0, 0, 0, 0, 0, 0, 0, 0, 0, 0, 222, 51, 134, 187, 25, 90, 163, 59, 89, 122, 244, 60, 0, 0, 128, 63, 0, 0, 0, 0, 0, 0, 0, 0, 0, 0, 0, 0, 0, 0, 0, 0, 41, 205, 127, 187, 14, 160, 53, 60, 80, 31, 244, 60, 0, 0, 128, 63, 0, 0, 0, 0, 0, 0, 0, 0, 0, 0, 0, 0, 0, 0, 0, 0, 80, 59, 153, 187, 162, 111, 128, 60, 31, 234, 243, 60, 0, 0, 128, 63, 0, 0, 0, 0, 0, 0, 0, 0, 0, 0, 0, 0, 0, 0, 0, 0, 125, 121, 138, 187, 124, 235, 166, 60, 249, 158, 243, 60, 0, 0, 128, 63, 0, 0, 0, 0, 0, 0, 0, 0, 0, 0, 0, 0, 0, 0, 0, 0, 64, 35, 164, 187, 18, 93, 205, 60, 56, 104, 243, 60, 0, 0, 128, 63, 0, 0, 0, 0, 0, 0, 0, 0, 0, 0, 0, 0, 0, 0, 0, 0, 50, 167, 140, 187, 11, 167, 231, 60, 49, 46, 243, 60, 0, 0, 128, 63, 0, 0, 0, 0, 0, 0, 0, 0, 0, 0, 0, 0, 0, 0, 0, 0, 170, 109, 254, 187, 124, 150, 239, 188, 165, 223, 238, 60, 0, 0, 128, 63, 0, 0, 0, 0, 0, 0, 0, 0, 0, 0, 0, 0, 0, 0, 0, 0, 105, 27, 2, 188, 171, 194, 199, 188, 155, 95, 246, 60, 0, 0, 128, 63, 0, 0, 0, 0, 0, 0, 0, 0, 0, 0, 0, 0, 0, 0, 0, 0, 235, 40, 9, 188, 87, 90, 153, 188, 159, 21, 246, 60, 0, 0, 128, 63, 0, 0, 0, 0, 0, 0, 0, 0, 0, 0, 0, 0, 0, 0, 0, 0, 60, 95, 2, 188, 244, 205, 107, 188, 148, 208, 245, 60, 0, 0, 128, 63, 0, 0, 0, 0, 0, 0, 0, 0, 0, 0, 0, 0, 0, 0, 0, 0, 252, 5, 15, 188, 97, 222, 36, 188, 53, 159, 245, 60, 0, 0, 128, 63, 0, 0, 0, 0, 0, 0, 0, 0, 0, 0, 0, 0, 0, 0, 0, 0, 255, 116, 12, 188, 37, 202, 136, 187, 38, 72, 245, 60, 0, 0, 128, 63, 0, 0, 0, 0, 0, 0, 0, 0, 0, 0, 0, 0, 0, 0, 0, 0, 91, 111, 15, 188, 92, 124, 147, 57, 63, 11, 245, 60, 0, 0, 128, 63, 0, 0, 0, 0, 0, 0, 0, 0, 0, 0, 0, 0, 0, 0, 0, 0, 155, 117, 18, 188, 29, 241, 156, 59, 154, 205, 244, 60, 0, 0, 128, 63, 0, 0, 0, 0, 0, 0, 0, 0, 0, 0, 0, 0, 0, 0, 0, 0, 18, 238, 20, 188, 103, 102, 47, 60, 35, 123, 244, 60, 0, 0, 128, 63, 0, 0, 0, 0, 0, 0, 0, 0, 0, 0, 0, 0, 0, 0, 0, 0, 87, 247, 28, 188, 206, 159, 125, 60, 144, 62, 244, 60, 0, 0, 128, 63, 0, 0, 0, 0, 0, 0, 0, 0, 0, 0, 0, 0, 0, 0, 0, 0, 196, 33, 27, 188, 137, 193, 163, 60, 200, 251, 243, 60, 0, 0, 128, 63, 0, 0, 0, 0, 0, 0, 0, 0, 0, 0, 0, 0, 0, 0, 0, 0, 70, 74, 35, 188, 111, 184, 203, 60, 189, 189, 243, 60, 0, 0, 128, 63, 0, 0, 0, 0, 0, 0, 0, 0, 0, 0, 0, 0, 0, 0, 0, 0, 224, 215, 23, 188, 255, 0, 230, 60, 222, 131, 243, 60, 0, 0, 128, 63, 0, 0, 0, 0, 0, 0, 0, 0, 0, 0, 0, 0, 0, 0, 0, 0, 189, 149, 78, 188, 34, 89, 242, 188, 144, 185, 239, 60, 0, 0, 128, 63, 0, 0, 0, 0, 0, 0, 0, 0, 0, 0, 0, 0, 0, 0, 0, 0, 166, 127, 83, 188, 100, 29, 200, 188, 201, 178, 246, 60, 0, 0, 128, 63, 0, 0, 0, 0, 0, 0, 0, 0, 0, 0, 0, 0, 0, 0, 0, 0, 233, 85, 86, 188, 12, 232, 154, 188, 109, 102, 246, 60, 0, 0, 128, 63, 0, 0, 0, 0, 0, 0, 0, 0, 0, 0, 0, 0, 0, 0, 0, 0, 233, 164, 89, 188, 253, 81, 111, 188, 25, 44, 246, 60, 0, 0, 128, 63, 0, 0, 0, 0, 0, 0, 0, 0, 0, 0, 0, 0, 0, 0, 0, 0, 168, 0, 93, 188, 182, 2, 40, 188, 230, 240, 245, 60, 0, 0, 128, 63, 0, 0, 0, 0, 0, 0, 0, 0, 0, 0, 0, 0, 0, 0, 0, 0, 168, 239, 95, 188, 70, 233, 148, 187, 45, 162, 245, 60, 0, 0, 128, 63, 0, 0, 0, 0, 0, 0, 0, 0, 0, 0, 0, 0, 0, 0, 0, 0, 107, 61, 104, 188, 86, 156, 131, 56, 121, 104, 245, 60, 0, 0, 128, 63, 0, 0, 0, 0, 0, 0, 0, 0, 0, 0, 0, 0, 0, 0, 0, 0, 196, 208, 97, 188, 171, 138, 150, 59, 218, 32, 245, 60, 0, 0, 128, 63, 0, 0, 0, 0, 0, 0, 0, 0, 0, 0, 0, 0, 0, 0, 0, 0, 202, 195, 105, 188, 227, 195, 46, 60, 155, 209, 244, 60, 0, 0, 128, 63, 0, 0, 0, 0, 0, 0, 0, 0, 0, 0, 0, 0, 0, 0, 0, 0, 103, 80, 109, 188, 158, 96, 122, 60, 1, 147, 244, 60, 0, 0, 128, 63, 0, 0, 0, 0, 0, 0, 0, 0, 0, 0, 0, 0, 0, 0, 0, 0, 230, 225, 112, 188, 10, 115, 163, 60, 129, 83, 244, 60, 0, 0, 128, 63, 0, 0, 0, 0, 0, 0, 0, 0, 0, 0, 0, 0, 0, 0, 0, 0, 153, 96, 126, 188, 197, 143, 210, 60, 76, 14, 244, 60, 0, 0, 128, 63, 0, 0, 0, 0, 0, 0, 0, 0, 0, 0, 0, 0, 0, 0, 0, 0, 11, 43, 95, 188, 150, 143, 228, 60, 253, 206, 243, 60, 0, 0, 128, 63, 0, 0, 0, 0, 0, 0, 0, 0, 0, 0, 0, 0, 0, 0, 0, 0, 5, 152, 145, 188, 172, 132, 244, 188, 213, 72, 240, 60, 0, 0, 128, 63, 0, 0, 0, 0, 0, 0, 0, 0, 0, 0, 0, 0, 0, 0, 0, 0, 31, 128, 146, 188, 57, 10, 203, 188, 116, 10, 247, 60, 0, 0, 128, 63, 0, 0, 0, 0, 0, 0, 0, 0, 0, 0, 0, 0, 0, 0, 0, 0, 180, 46, 148, 188, 102, 220, 157, 188, 183, 190, 246, 60, 0, 0, 128, 63, 0, 0, 0, 0, 0, 0, 0, 0, 0, 0, 0, 0, 0, 0, 0, 0, 243, 116, 152, 188, 255, 213, 114, 188, 157, 135, 246, 60, 0, 0, 128, 63, 0, 0, 0, 0, 0, 0, 0, 0, 0, 0, 0, 0, 0, 0, 0, 0, 105, 125, 149, 188, 69, 39, 43, 188, 151, 66, 246, 60, 0, 0, 128, 63, 0, 0, 0, 0, 0, 0, 0, 0, 0, 0, 0, 0, 0, 0, 0, 0, 148, 166, 153, 188, 201, 61, 150, 187, 30, 247, 245, 60, 0, 0, 128, 63, 0, 0, 0, 0, 0, 0, 0, 0, 0, 0, 0, 0, 0, 0, 0, 0, 110, 150, 155, 188, 4, 239, 9, 185, 18, 187, 245, 60, 0, 0, 128, 63, 0, 0, 0, 0, 0, 0, 0, 0, 0, 0, 0, 0, 0, 0, 0, 0, 101, 20, 155, 188, 4, 59, 138, 59, 210, 123, 245, 60, 0, 0, 128, 63, 0, 0, 0, 0, 0, 0, 0, 0, 0, 0, 0, 0, 0, 0, 0, 0, 109, 215, 156, 188, 12, 138, 43, 60, 132, 37, 245, 60, 0, 0, 128, 63, 0, 0, 0, 0, 0, 0, 0, 0, 0, 0, 0, 0, 0, 0, 0, 0, 126, 212, 158, 188, 176, 33, 119, 60, 82, 231, 244, 60, 0, 0, 128, 63, 0, 0, 0, 0, 0, 0, 0, 0, 0, 0, 0, 0, 0, 0, 0, 0, 172, 212, 160, 188, 225, 208, 161, 60, 59, 168, 244, 60, 0, 0, 128, 63, 0, 0, 0, 0, 0, 0, 0, 0, 0, 0, 0, 0, 0, 0, 0, 0, 61, 62, 165, 188, 47, 93, 213, 60, 204, 86, 244, 60, 0, 0, 128, 63, 0, 0, 0, 0, 0, 0, 0, 0, 0, 0, 0, 0, 0, 0, 0, 0, 49, 208, 186, 188, 89, 91, 247, 188, 201, 39, 241, 60, 0, 0, 128, 63, 0, 0, 0, 0, 0, 0, 0, 0, 0, 0, 0, 0, 0, 0, 0, 0, 28, 58, 187, 188, 179, 246, 205, 188, 51, 98, 247, 60, 0, 0, 128, 63, 0, 0, 0, 0, 0, 0, 0, 0, 0, 0, 0, 0, 0, 0, 0, 0, 199, 39, 189, 188, 99, 53, 158, 188, 108, 18, 247, 60, 0, 0, 128, 63, 0, 0, 0, 0, 0, 0, 0, 0, 0, 0, 0, 0, 0, 0, 0, 0, 4, 62, 191, 188, 237, 245, 117, 188, 11, 217, 246, 60, 0, 0, 128, 63, 0, 0, 0, 0, 0, 0, 0, 0, 0, 0, 0, 0, 0, 0, 0, 0, 21, 236, 190, 188, 182, 38, 49, 188, 11, 156, 246, 60, 0, 0, 128, 63, 0, 0, 0, 0, 0, 0, 0, 0, 0, 0, 0, 0, 0, 0, 0, 0, 31, 233, 192, 188, 197, 146, 156, 187, 115, 73, 246, 60, 0, 0, 128, 63, 0, 0, 0, 0, 0, 0, 0, 0, 0, 0, 0, 0, 0, 0, 0, 0, 220, 13, 195, 188, 113, 213, 170, 185, 235, 13, 246, 60, 0, 0, 128, 63, 0, 0, 0, 0, 0, 0, 0, 0, 0, 0, 0, 0, 0, 0, 0, 0, 21, 54, 197, 188, 96, 239, 136, 59, 190, 209, 245, 60, 0, 0, 128, 63, 0, 0, 0, 0, 0, 0, 0, 0, 0, 0, 0, 0, 0, 0, 0, 0, 75, 74, 199, 188, 238, 231, 42, 60, 44, 124, 245, 60, 0, 0, 128, 63, 0, 0, 0, 0, 0, 0, 0, 0, 0, 0, 0, 0, 0, 0, 0, 0, 145, 0, 199, 188, 9, 227, 115, 60, 162, 59, 245, 60, 0, 0, 128, 63, 0, 0, 0, 0, 0, 0, 0, 0, 0, 0, 0, 0, 0, 0, 0, 0, 39, 56, 201, 188, 221, 46, 160, 60, 20, 253, 244, 60, 0, 0, 128, 63, 0, 0, 0, 0, 0, 0, 0, 0, 0, 0, 0, 0, 0, 0, 0, 0, 140, 236, 205, 188, 192, 183, 211, 60, 83, 172, 244, 60, 0, 0, 128, 63, 0, 0, 0, 0, 0, 0, 0, 0, 0, 0, 0, 0, 0, 0, 0, 0, 135, 245, 219, 188, 116, 114, 249, 188, 253, 196, 241, 60, 0, 0, 128, 63, 0, 0, 0, 0, 0, 0, 0, 0, 0, 0, 0, 0, 0, 0, 0, 0, 225, 187, 220, 188, 130, 183, 203, 188, 42, 162, 247, 60, 0, 0, 128, 63, 0, 0, 0, 0, 0, 0, 0, 0, 0, 0, 0, 0, 0, 0, 0, 0, 196, 234, 222, 188, 133, 145, 159, 188, 79, 89, 247, 60, 0, 0, 128, 63, 0, 0, 0, 0, 0, 0, 0, 0, 0, 0, 0, 0, 0, 0, 0, 0, 192, 45, 225, 188, 10, 178, 120, 188, 35, 32, 247, 60, 0, 0, 128, 63, 0, 0, 0, 0, 0, 0, 0, 0, 0, 0, 0, 0, 0, 0, 0, 0, 156, 116, 227, 188, 171, 111, 49, 188, 83, 230, 246, 60, 0, 0, 128, 63, 0, 0, 0, 0, 0, 0, 0, 0, 0, 0, 0, 0, 0, 0, 0, 0, 183, 182, 229, 188, 179, 147, 155, 187, 178, 147, 246, 60, 0, 0, 128, 63, 0, 0, 0, 0, 0, 0, 0, 0, 0, 0, 0, 0, 0, 0, 0, 0, 12, 133, 234, 188, 99, 93, 8, 186, 164, 96, 246, 60, 0, 0, 128, 63, 0, 0, 0, 0, 0, 0, 0, 0, 0, 0, 0, 0, 0, 0, 0, 0, 208, 103, 234, 188, 9, 3, 138, 59, 157, 28, 246, 60, 0, 0, 128, 63, 0, 0, 0, 0, 0, 0, 0, 0, 0, 0, 0, 0, 0, 0, 0, 0, 33, 67, 239, 188, 179, 75, 33, 60, 190, 213, 245, 60, 0, 0, 128, 63, 0, 0, 0, 0, 0, 0, 0, 0, 0, 0, 0, 0, 0, 0, 0, 0, 101, 44, 239, 188, 166, 164, 112, 60, 242, 143, 245, 60, 0, 0, 128, 63, 0, 0, 0, 0, 0, 0, 0, 0, 0, 0, 0, 0, 0, 0, 0, 0, 110, 155, 241, 188, 58, 141, 158, 60, 205, 81, 245, 60, 0, 0, 128, 63, 0, 0, 0, 0, 0, 0, 0, 0, 0, 0, 0, 0, 0, 0, 0, 0, 144, 154, 246, 188, 210, 18, 210, 60, 154, 1, 245, 60, 0, 0, 128, 63, 0, 0, 0, 0, 0, 0, 0, 0, 0, 0, 0, 0, 0, 0, 0, 0]
    is_dense: True
  primitives:
    -
      type: 1
      dimensions: [0.058666542172431946, 0.05818676948547363, 0.059693098068237305]
  primitive_poses:
    -
      position:
        x: 0.80158829689
        y: 0.128455281258
        z: 0.717397153378
      orientation:
        x: 0.00294311437756
        y: 0.00231446907856
        z: 0.720152437687
        w: 0.693805813789
  meshes: []
  mesh_poses: []
  surface:
    coef: [0.0, 0.0, 0.0, 0.0]
grasps:
  -
    id: ''
    pre_grasp_posture:
      header:
        seq: 0
        stamp:
          secs: 0
          nsecs:         0
        frame_id: ''
      joint_names: ['l_gripper_finger_joint', 'r_gripper_finger_joint']
      points:
        -
          positions: [0.05409338474273682, 0.05409338474273682]
          velocities: []
          accelerations: []
          effort: [50.0, 50.0]
          time_from_start:
            secs: 2
            nsecs:         0
    grasp_posture:
      header:
        seq: 0
        stamp:
          secs: 0
          nsecs:         0
        frame_id: ''
      joint_names: ['l_gripper_finger_joint', 'r_gripper_finger_joint']
      points:
        -
          positions: [0.0, 0.0]
          velocities: []
          accelerations: []
          effort: [50.0, 50.0]
          time_from_start:
            secs: 2
            nsecs:         0
    grasp_pose:
      header:
        seq: 0
        stamp:
          secs: 269
          nsecs: 318000000
        frame_id: base_link
      pose:
        position:
          x: 0.803008099728
          y: 0.128169597
          z: 0.907238167319
        orientation:
          x: -0.506939941556
          y: 0.492036637533
          z: 0.511507642487
          w: 0.489154157923
    grasp_quality: 1.0
    pre_grasp_approach:
      direction:
        header:
          seq: 0
          stamp:
            secs: 0
            nsecs:         0
          frame_id: wrist_roll_link
        vector:
          x: 1.0
          y: 0.0
          z: 0.0
      desired_distance: 0.15000000596
      min_distance: 0.144999995828
    post_grasp_retreat:
      direction:
        header:
          seq: 0
          stamp:
            secs: 0
            nsecs:         0
          frame_id: wrist_roll_link
        vector:
          x: -1.0
          y: 0.0
          z: 0.0
      desired_distance: 0.15000000596
      min_distance: 0.144999995828
    post_place_retreat:
      direction:
        header:
          seq: 0
          stamp:
            secs: 0
            nsecs:         0
          frame_id: ''
        vector:
          x: 0.0
          y: 0.0
          z: 0.0
      desired_distance: 0.0
      min_distance: 0.0
    max_contact_force: 0.0
    allowed_touch_objects: []
  -
    id: ''
    pre_grasp_posture:
      header:
        seq: 0
        stamp:
          secs: 0
          nsecs:         0
        frame_id: ''
      joint_names: ['l_gripper_finger_joint', 'r_gripper_finger_joint']
      points:
        -
          positions: [0.05409338474273682, 0.05409338474273682]
          velocities: []
          accelerations: []
          effort: [50.0, 50.0]
          time_from_start:
            secs: 2
            nsecs:         0
    grasp_posture:
      header:
        seq: 0
        stamp:
          secs: 0
          nsecs:         0
        frame_id: ''
      joint_names: ['l_gripper_finger_joint', 'r_gripper_finger_joint']
      points:
        -
          positions: [0.0, 0.0]
          velocities: []
          accelerations: []
          effort: [50.0, 50.0]
          time_from_start:
            secs: 2
            nsecs:         0
    grasp_pose:
      header:
        seq: 0
        stamp:
          secs: 269
          nsecs: 318000000
        frame_id: base_link
      pose:
        position:
          x: 0.806131793621
          y: 0.0419595844599
          z: 0.895046026882
        orientation:
          x: -0.364631449358
          y: 0.355721747863
          z: 0.621025090316
          w: 0.595679309549
    grasp_quality: 0.7
    pre_grasp_approach:
      direction:
        header:
          seq: 0
          stamp:
            secs: 0
            nsecs:         0
          frame_id: wrist_roll_link
        vector:
          x: 1.0
          y: 0.0
          z: 0.0
      desired_distance: 0.15000000596
      min_distance: 0.144999995828
    post_grasp_retreat:
      direction:
        header:
          seq: 0
          stamp:
            secs: 0
            nsecs:         0
          frame_id: wrist_roll_link
        vector:
          x: -1.0
          y: 0.0
          z: 0.0
      desired_distance: 0.15000000596
      min_distance: 0.144999995828
    post_place_retreat:
      direction:
        header:
          seq: 0
          stamp:
            secs: 0
            nsecs:         0
          frame_id: ''
        vector:
          x: 0.0
          y: 0.0
          z: 0.0
      desired_distance: 0.0
      min_distance: 0.0
    max_contact_force: 0.0
    allowed_touch_objects: []
  -
    id: ''
    pre_grasp_posture:
      header:
        seq: 0
        stamp:
          secs: 0
          nsecs:         0
        frame_id: ''
      joint_names: ['l_gripper_finger_joint', 'r_gripper_finger_joint']
      points:
        -
          positions: [0.05409338474273682, 0.05409338474273682]
          velocities: []
          accelerations: []
          effort: [50.0, 50.0]
          time_from_start:
            secs: 2
            nsecs:         0
    grasp_posture:
      header:
        seq: 0
        stamp:
          secs: 0
          nsecs:         0
        frame_id: ''
      joint_names: ['l_gripper_finger_joint', 'r_gripper_finger_joint']
      points:
        -
          positions: [0.0, 0.0]
          velocities: []
          accelerations: []
          effort: [50.0, 50.0]
          time_from_start:
            secs: 2
            nsecs:         0
    grasp_pose:
      header:
        seq: 0
        stamp:
          secs: 269
          nsecs: 318000000
        frame_id: base_link
      pose:
        position:
          x: 0.808640919688
          y: -0.0607465015937
          z: 0.717202632795
        orientation:
          x: 0.00294311455928
          y: 0.00231446922146
          z: 0.720152482153
          w: 0.693805770951
    grasp_quality: 0.8
    pre_grasp_approach:
      direction:
        header:
          seq: 0
          stamp:
            secs: 0
            nsecs:         0
          frame_id: wrist_roll_link
        vector:
          x: 1.0
          y: 0.0
          z: 0.0
      desired_distance: 0.15000000596
      min_distance: 0.144999995828
    post_grasp_retreat:
      direction:
        header:
          seq: 0
          stamp:
            secs: 0
            nsecs:         0
          frame_id: wrist_roll_link
        vector:
          x: -1.0
          y: 0.0
          z: 0.0
      desired_distance: 0.15000000596
      min_distance: 0.144999995828
    post_place_retreat:
      direction:
        header:
          seq: 0
          stamp:
            secs: 0
            nsecs:         0
          frame_id: ''
        vector:
          x: 0.0
          y: 0.0
          z: 0.0
      desired_distance: 0.0
      min_distance: 0.0
    max_contact_force: 0.0
    allowed_touch_objects: []
  -
    id: ''
    pre_grasp_posture:
      header:
        seq: 0
        stamp:
          secs: 0
          nsecs:         0
        frame_id: ''
      joint_names: ['l_gripper_finger_joint', 'r_gripper_finger_joint']
      points:
        -
          positions: [0.05409338474273682, 0.05409338474273682]
          velocities: []
          accelerations: []
          effort: [50.0, 50.0]
          time_from_start:
            secs: 2
            nsecs:         0
    grasp_posture:
      header:
        seq: 0
        stamp:
          secs: 0
          nsecs:         0
        frame_id: ''
      joint_names: ['l_gripper_finger_joint', 'r_gripper_finger_joint']
      points:
        -
          positions: [0.0, 0.0]
          velocities: []
          accelerations: []
          effort: [50.0, 50.0]
          time_from_start:
            secs: 2
            nsecs:         0
    grasp_pose:
      header:
        seq: 0
        stamp:
          secs: 269
          nsecs: 318000000
        frame_id: base_link
      pose:
        position:
          x: 0.808835571895
          y: -0.0487844733834
          z: 0.803509176968
        orientation:
          x: -0.175316959241
          y: 0.173892816634
          z: 0.698492822822
          w: 0.671664419955
    grasp_quality: 0.6
    pre_grasp_approach:
      direction:
        header:
          seq: 0
          stamp:
            secs: 0
            nsecs:         0
          frame_id: wrist_roll_link
        vector:
          x: 1.0
          y: 0.0
          z: 0.0
      desired_distance: 0.15000000596
      min_distance: 0.144999995828
    post_grasp_retreat:
      direction:
        header:
          seq: 0
          stamp:
            secs: 0
            nsecs:         0
          frame_id: wrist_roll_link
        vector:
          x: -1.0
          y: 0.0
          z: 0.0
      desired_distance: 0.15000000596
      min_distance: 0.144999995828
    post_place_retreat:
      direction:
        header:
          seq: 0
          stamp:
            secs: 0
            nsecs:         0
          frame_id: ''
        vector:
          x: 0.0
          y: 0.0
          z: 0.0
      desired_distance: 0.0
      min_distance: 0.0
    max_contact_force: 0.0
    allowed_touch_objects: []
  -
    id: ''
    pre_grasp_posture:
      header:
        seq: 0
        stamp:
          secs: 0
          nsecs:         0
        frame_id: ''
      joint_names: ['l_gripper_finger_joint', 'r_gripper_finger_joint']
      points:
        -
          positions: [0.05409338474273682, 0.05409338474273682]
          velocities: []
          accelerations: []
          effort: [50.0, 50.0]
          time_from_start:
            secs: 2
            nsecs:         0
    grasp_posture:
      header:
        seq: 0
        stamp:
          secs: 0
          nsecs:         0
        frame_id: ''
      joint_names: ['l_gripper_finger_joint', 'r_gripper_finger_joint']
      points:
        -
          positions: [0.0, 0.0]
          velocities: []
          accelerations: []
          effort: [50.0, 50.0]
          time_from_start:
            secs: 2
            nsecs:         0
    grasp_pose:
      header:
        seq: 0
        stamp:
          secs: 269
          nsecs: 318000000
        frame_id: base_link
      pose:
        position:
          x: 0.807923758128
          y: -0.0132160981101
          z: 0.859322710592
        orientation:
          x: -0.272738664656
          y: 0.267518834925
          z: 0.66651472478
          w: 0.640160507669
    grasp_quality: 0.25
    pre_grasp_approach:
      direction:
        header:
          seq: 0
          stamp:
            secs: 0
            nsecs:         0
          frame_id: wrist_roll_link
        vector:
          x: 1.0
          y: 0.0
          z: 0.0
      desired_distance: 0.15000000596
      min_distance: 0.144999995828
    post_grasp_retreat:
      direction:
        header:
          seq: 0
          stamp:
            secs: 0
            nsecs:         0
          frame_id: wrist_roll_link
        vector:
          x: -1.0
          y: 0.0
          z: 0.0
      desired_distance: 0.15000000596
      min_distance: 0.144999995828
    post_place_retreat:
      direction:
        header:
          seq: 0
          stamp:
            secs: 0
            nsecs:         0
          frame_id: ''
        vector:
          x: 0.0
          y: 0.0
          z: 0.0
      desired_distance: 0.0
      min_distance: 0.0
    max_contact_force: 0.0
    allowed_touch_objects: []
  -
    id: ''
    pre_grasp_posture:
      header:
        seq: 0
        stamp:
          secs: 0
          nsecs:         0
        frame_id: ''
      joint_names: ['l_gripper_finger_joint', 'r_gripper_finger_joint']
      points:
        -
          positions: [0.054333271086215974, 0.054333271086215974]
          velocities: []
          accelerations: []
          effort: [50.0, 50.0]
          time_from_start:
            secs: 2
            nsecs:         0
    grasp_posture:
      header:
        seq: 0
        stamp:
          secs: 0
          nsecs:         0
        frame_id: ''
      joint_names: ['l_gripper_finger_joint', 'r_gripper_finger_joint']
      points:
        -
          positions: [0.0, 0.0]
          velocities: []
          accelerations: []
          effort: [50.0, 50.0]
          time_from_start:
            secs: 2
            nsecs:         0
    grasp_pose:
      header:
        seq: 0
        stamp:
          secs: 269
          nsecs: 318000000
        frame_id: base_link
      pose:
        position:
          x: 0.802859537524
          y: 0.12830737429
          z: 0.907239377608
        orientation:
          x: -0.013133919335
          y: 0.709321953847
          z: 0.0137753720564
          w: 0.704627604133
    grasp_quality: 1.0
    pre_grasp_approach:
      direction:
        header:
          seq: 0
          stamp:
            secs: 0
            nsecs:         0
          frame_id: wrist_roll_link
        vector:
          x: 1.0
          y: 0.0
          z: 0.0
      desired_distance: 0.15000000596
      min_distance: 0.144999995828
    post_grasp_retreat:
      direction:
        header:
          seq: 0
          stamp:
            secs: 0
            nsecs:         0
          frame_id: wrist_roll_link
        vector:
          x: -1.0
          y: 0.0
          z: 0.0
      desired_distance: 0.15000000596
      min_distance: 0.144999995828
    post_place_retreat:
      direction:
        header:
          seq: 0
          stamp:
            secs: 0
            nsecs:         0
          frame_id: ''
        vector:
          x: 0.0
          y: 0.0
          z: 0.0
      desired_distance: 0.0
      min_distance: 0.0
    max_contact_force: 0.0
    allowed_touch_objects: []
  -
    id: ''
    pre_grasp_posture:
      header:
        seq: 0
        stamp:
          secs: 0
          nsecs:         0
        frame_id: ''
      joint_names: ['l_gripper_finger_joint', 'r_gripper_finger_joint']
      points:
        -
          positions: [0.054333271086215974, 0.054333271086215974]
          velocities: []
          accelerations: []
          effort: [50.0, 50.0]
          time_from_start:
            secs: 2
            nsecs:         0
    grasp_posture:
      header:
        seq: 0
        stamp:
          secs: 0
          nsecs:         0
        frame_id: ''
      joint_names: ['l_gripper_finger_joint', 'r_gripper_finger_joint']
      points:
        -
          positions: [0.0, 0.0]
          velocities: []
          accelerations: []
          effort: [50.0, 50.0]
          time_from_start:
            secs: 2
            nsecs:         0
    grasp_pose:
      header:
        seq: 0
        stamp:
          secs: 269
          nsecs: 318000000
        frame_id: base_link
      pose:
        position:
          x: 0.716555204636
          y: 0.1250333672
          z: 0.895775778706
        orientation:
          x: -0.00931753697209
          y: 0.512943243764
          z: 0.0165965126203
          w: 0.858211490278
    grasp_quality: 0.7
    pre_grasp_approach:
      direction:
        header:
          seq: 0
          stamp:
            secs: 0
            nsecs:         0
          frame_id: wrist_roll_link
        vector:
          x: 1.0
          y: 0.0
          z: 0.0
      desired_distance: 0.15000000596
      min_distance: 0.144999995828
    post_grasp_retreat:
      direction:
        header:
          seq: 0
          stamp:
            secs: 0
            nsecs:         0
          frame_id: wrist_roll_link
        vector:
          x: -1.0
          y: 0.0
          z: 0.0
      desired_distance: 0.15000000596
      min_distance: 0.144999995828
    post_place_retreat:
      direction:
        header:
          seq: 0
          stamp:
            secs: 0
            nsecs:         0
          frame_id: ''
        vector:
          x: 0.0
          y: 0.0
          z: 0.0
      desired_distance: 0.0
      min_distance: 0.0
    max_contact_force: 0.0
    allowed_touch_objects: []
  -
    id: ''
    pre_grasp_posture:
      header:
        seq: 0
        stamp:
          secs: 0
          nsecs:         0
        frame_id: ''
      joint_names: ['l_gripper_finger_joint', 'r_gripper_finger_joint']
      points:
        -
          positions: [0.054333271086215974, 0.054333271086215974]
          velocities: []
          accelerations: []
          effort: [50.0, 50.0]
          time_from_start:
            secs: 2
            nsecs:         0
    grasp_posture:
      header:
        seq: 0
        stamp:
          secs: 0
          nsecs:         0
        frame_id: ''
      joint_names: ['l_gripper_finger_joint', 'r_gripper_finger_joint']
      points:
        -
          positions: [0.0, 0.0]
          velocities: []
          accelerations: []
          effort: [50.0, 50.0]
          time_from_start:
            secs: 2
            nsecs:         0
    grasp_pose:
      header:
        seq: 0
        stamp:
          secs: 269
          nsecs: 318000000
        frame_id: base_link
      pose:
        position:
          x: 0.612637065588
          y: 0.121259899184
          z: 0.718799587175
        orientation:
          x: 0.000445999388893
          y: 0.00371749559394
          z: 0.0190279219318
          w: 0.999811942069
    grasp_quality: 0.8
    pre_grasp_approach:
      direction:
        header:
          seq: 0
          stamp:
            secs: 0
            nsecs:         0
          frame_id: wrist_roll_link
        vector:
          x: 1.0
          y: 0.0
          z: 0.0
      desired_distance: 0.15000000596
      min_distance: 0.144999995828
    post_grasp_retreat:
      direction:
        header:
          seq: 0
          stamp:
            secs: 0
            nsecs:         0
          frame_id: wrist_roll_link
        vector:
          x: -1.0
          y: 0.0
          z: 0.0
      desired_distance: 0.15000000596
      min_distance: 0.144999995828
    post_place_retreat:
      direction:
        header:
          seq: 0
          stamp:
            secs: 0
            nsecs:         0
          frame_id: ''
        vector:
          x: 0.0
          y: 0.0
          z: 0.0
      desired_distance: 0.0
      min_distance: 0.0
    max_contact_force: 0.0
    allowed_touch_objects: []
  -
    id: ''
    pre_grasp_posture:
      header:
        seq: 0
        stamp:
          secs: 0
          nsecs:         0
        frame_id: ''
      joint_names: ['l_gripper_finger_joint', 'r_gripper_finger_joint']
      points:
        -
          positions: [0.054333271086215974, 0.054333271086215974]
          velocities: []
          accelerations: []
          effort: [50.0, 50.0]
          time_from_start:
            secs: 2
            nsecs:         0
    grasp_posture:
      header:
        seq: 0
        stamp:
          secs: 0
          nsecs:         0
        frame_id: ''
      joint_names: ['l_gripper_finger_joint', 'r_gripper_finger_joint']
      points:
        -
          positions: [0.0, 0.0]
          velocities: []
          accelerations: []
          effort: [50.0, 50.0]
          time_from_start:
            secs: 2
            nsecs:         0
    grasp_pose:
      header:
        seq: 0
        stamp:
          secs: 269
          nsecs: 318000000
        frame_id: base_link
      pose:
        position:
          x: 0.625306116283
          y: 0.121653106965
          z: 0.805004506413
        orientation:
          x: -0.00427544898391
          y: 0.250959366355
          z: 0.0185467319116
          w: 0.967810485582
    grasp_quality: 0.6
    pre_grasp_approach:
      direction:
        header:
          seq: 0
          stamp:
            secs: 0
            nsecs:         0
          frame_id: wrist_roll_link
        vector:
          x: 1.0
          y: 0.0
          z: 0.0
      desired_distance: 0.15000000596
      min_distance: 0.144999995828
    post_grasp_retreat:
      direction:
        header:
          seq: 0
          stamp:
            secs: 0
            nsecs:         0
          frame_id: wrist_roll_link
        vector:
          x: -1.0
          y: 0.0
          z: 0.0
      desired_distance: 0.15000000596
      min_distance: 0.144999995828
    post_place_retreat:
      direction:
        header:
          seq: 0
          stamp:
            secs: 0
            nsecs:         0
          frame_id: ''
        vector:
          x: 0.0
          y: 0.0
          z: 0.0
      desired_distance: 0.0
      min_distance: 0.0
    max_contact_force: 0.0
    allowed_touch_objects: []
  -
    id: ''
    pre_grasp_posture:
      header:
        seq: 0
        stamp:
          secs: 0
          nsecs:         0
        frame_id: ''
      joint_names: ['l_gripper_finger_joint', 'r_gripper_finger_joint']
      points:
        -
          positions: [0.054333271086215974, 0.054333271086215974]
          velocities: []
          accelerations: []
          effort: [50.0, 50.0]
          time_from_start:
            secs: 2
            nsecs:         0
    grasp_posture:
      header:
        seq: 0
        stamp:
          secs: 0
          nsecs:         0
        frame_id: ''
      joint_names: ['l_gripper_finger_joint', 'r_gripper_finger_joint']
      points:
        -
          positions: [0.0, 0.0]
          velocities: []
          accelerations: []
          effort: [50.0, 50.0]
          time_from_start:
            secs: 2
            nsecs:         0
    grasp_pose:
      header:
        seq: 0
        stamp:
          secs: 269
          nsecs: 318000000
        frame_id: base_link
      pose:
        position:
          x: 0.661329885438
          y: 0.122967235353
          z: 0.860517137654
        orientation:
          x: -0.00686608715496
          y: 0.385862379852
          z: 0.0177515513189
          w: 0.922359994273
    grasp_quality: 0.25
    pre_grasp_approach:
      direction:
        header:
          seq: 0
          stamp:
            secs: 0
            nsecs:         0
          frame_id: wrist_roll_link
        vector:
          x: 1.0
          y: 0.0
          z: 0.0
      desired_distance: 0.15000000596
      min_distance: 0.144999995828
    post_grasp_retreat:
      direction:
        header:
          seq: 0
          stamp:
            secs: 0
            nsecs:         0
          frame_id: wrist_roll_link
        vector:
          x: -1.0
          y: 0.0
          z: 0.0
      desired_distance: 0.15000000596
      min_distance: 0.144999995828
    post_place_retreat:
      direction:
        header:
          seq: 0
          stamp:
            secs: 0
            nsecs:         0
          frame_id: ''
        vector:
          x: 0.0
          y: 0.0
          z: 0.0
      desired_distance: 0.0
      min_distance: 0.0
    max_contact_force: 0.0
    allowed_touch_objects: []
  -
    id: ''
    pre_grasp_posture:
      header:
        seq: 0
        stamp:
          secs: 0
          nsecs:         0
        frame_id: ''
      joint_names: ['l_gripper_finger_joint', 'r_gripper_finger_joint']
      points:
        -
          positions: [0.05409338474273682, 0.05409338474273682]
          velocities: []
          accelerations: []
          effort: [50.0, 50.0]
          time_from_start:
            secs: 2
            nsecs:         0
    grasp_posture:
      header:
        seq: 0
        stamp:
          secs: 0
          nsecs:         0
        frame_id: ''
      joint_names: ['l_gripper_finger_joint', 'r_gripper_finger_joint']
      points:
        -
          positions: [0.0, 0.0]
          velocities: []
          accelerations: []
          effort: [50.0, 50.0]
          time_from_start:
            secs: 2
            nsecs:         0
    grasp_pose:
      header:
        seq: 0
        stamp:
          secs: 269
          nsecs: 318000000
        frame_id: base_link
      pose:
        position:
          x: 0.799555847575
          y: 0.214678992025
          z: 0.895224627841
        orientation:
          x: 0.35144916894
          y: 0.369978280469
          z: -0.597544652488
          w: 0.618498107403
    grasp_quality: 0.7
    pre_grasp_approach:
      direction:
        header:
          seq: 0
          stamp:
            secs: 0
            nsecs:         0
          frame_id: wrist_roll_link
        vector:
          x: 1.0
          y: 0.0
          z: 0.0
      desired_distance: 0.15000000596
      min_distance: 0.144999995828
    post_grasp_retreat:
      direction:
        header:
          seq: 0
          stamp:
            secs: 0
            nsecs:         0
          frame_id: wrist_roll_link
        vector:
          x: -1.0
          y: 0.0
          z: 0.0
      desired_distance: 0.15000000596
      min_distance: 0.144999995828
    post_place_retreat:
      direction:
        header:
          seq: 0
          stamp:
            secs: 0
            nsecs:         0
          frame_id: ''
        vector:
          x: 0.0
          y: 0.0
          z: 0.0
      desired_distance: 0.0
      min_distance: 0.0
    max_contact_force: 0.0
    allowed_touch_objects: []
  -
    id: ''
    pre_grasp_posture:
      header:
        seq: 0
        stamp:
          secs: 0
          nsecs:         0
        frame_id: ''
      joint_names: ['l_gripper_finger_joint', 'r_gripper_finger_joint']
      points:
        -
          positions: [0.05409338474273682, 0.05409338474273682]
          velocities: []
          accelerations: []
          effort: [50.0, 50.0]
          time_from_start:
            secs: 2
            nsecs:         0
    grasp_posture:
      header:
        seq: 0
        stamp:
          secs: 0
          nsecs:         0
        frame_id: ''
      joint_names: ['l_gripper_finger_joint', 'r_gripper_finger_joint']
      points:
        -
          positions: [0.0, 0.0]
          velocities: []
          accelerations: []
          effort: [50.0, 50.0]
          time_from_start:
            secs: 2
            nsecs:         0
    grasp_pose:
      header:
        seq: 0
        stamp:
          secs: 269
          nsecs: 318000000
        frame_id: base_link
      pose:
        position:
          x: 0.794234398345
          y: 0.317645574327
          z: 0.717593910119
        orientation:
          x: -0.0023121247573
          y: 0.00294495610007
          z: -0.69323213076
          w: 0.720704632416
    grasp_quality: 0.8
    pre_grasp_approach:
      direction:
        header:
          seq: 0
          stamp:
            secs: 0
            nsecs:         0
          frame_id: wrist_roll_link
        vector:
          x: 1.0
          y: 0.0
          z: 0.0
      desired_distance: 0.15000000596
      min_distance: 0.144999995828
    post_grasp_retreat:
      direction:
        header:
          seq: 0
          stamp:
            secs: 0
            nsecs:         0
          frame_id: wrist_roll_link
        vector:
          x: -1.0
          y: 0.0
          z: 0.0
      desired_distance: 0.15000000596
      min_distance: 0.144999995828
    post_place_retreat:
      direction:
        header:
          seq: 0
          stamp:
            secs: 0
            nsecs:         0
          frame_id: ''
        vector:
          x: 0.0
          y: 0.0
          z: 0.0
      desired_distance: 0.0
      min_distance: 0.0
    max_contact_force: 0.0
    allowed_touch_objects: []
  -
    id: ''
    pre_grasp_posture:
      header:
        seq: 0
        stamp:
          secs: 0
          nsecs:         0
        frame_id: ''
      joint_names: ['l_gripper_finger_joint', 'r_gripper_finger_joint']
      points:
        -
          positions: [0.05409338474273682, 0.05409338474273682]
          velocities: []
          accelerations: []
          effort: [50.0, 50.0]
          time_from_start:
            secs: 2
            nsecs:         0
    grasp_posture:
      header:
        seq: 0
        stamp:
          secs: 0
          nsecs:         0
        frame_id: ''
      joint_names: ['l_gripper_finger_joint', 'r_gripper_finger_joint']
      points:
        -
          positions: [0.0, 0.0]
          velocities: []
          accelerations: []
          effort: [50.0, 50.0]
          time_from_start:
            secs: 2
            nsecs:         0
    grasp_pose:
      header:
        seq: 0
        stamp:
          secs: 269
          nsecs: 318000000
        frame_id: base_link
      pose:
        position:
          x: 0.795344813989
          y: 0.305554769685
          z: 0.803875582397
        orientation:
          x: 0.169268131396
          y: 0.181158588181
          z: -0.672253250505
          w: 0.697571075969
    grasp_quality: 0.6
    pre_grasp_approach:
      direction:
        header:
          seq: 0
          stamp:
            secs: 0
            nsecs:         0
          frame_id: wrist_roll_link
        vector:
          x: 1.0
          y: 0.0
          z: 0.0
      desired_distance: 0.15000000596
      min_distance: 0.144999995828
    post_grasp_retreat:
      direction:
        header:
          seq: 0
          stamp:
            secs: 0
            nsecs:         0
          frame_id: wrist_roll_link
        vector:
          x: -1.0
          y: 0.0
          z: 0.0
      desired_distance: 0.15000000596
      min_distance: 0.144999995828
    post_place_retreat:
      direction:
        header:
          seq: 0
          stamp:
            secs: 0
            nsecs:         0
          frame_id: ''
        vector:
          x: 0.0
          y: 0.0
          z: 0.0
      desired_distance: 0.0
      min_distance: 0.0
    max_contact_force: 0.0
    allowed_touch_objects: []
  -
    id: ''
    pre_grasp_posture:
      header:
        seq: 0
        stamp:
          secs: 0
          nsecs:         0
        frame_id: ''
      joint_names: ['l_gripper_finger_joint', 'r_gripper_finger_joint']
      points:
        -
          positions: [0.05409338474273682, 0.05409338474273682]
          velocities: []
          accelerations: []
          effort: [50.0, 50.0]
          time_from_start:
            secs: 2
            nsecs:         0
    grasp_posture:
      header:
        seq: 0
        stamp:
          secs: 0
          nsecs:         0
        frame_id: ''
      joint_names: ['l_gripper_finger_joint', 'r_gripper_finger_joint']
      points:
        -
          positions: [0.0, 0.0]
          velocities: []
          accelerations: []
          effort: [50.0, 50.0]
          time_from_start:
            secs: 2
            nsecs:         0
    grasp_pose:
      header:
        seq: 0
        stamp:
          secs: 269
          nsecs: 318000000
        frame_id: base_link
      pose:
        position:
          x: 0.797144494329
          y: 0.269904849204
          z: 0.859615472554
        orientation:
          x: 0.263024649966
          y: 0.278390178211
          z: -0.641400159423
          w: 0.664772702899
    grasp_quality: 0.25
    pre_grasp_approach:
      direction:
        header:
          seq: 0
          stamp:
            secs: 0
            nsecs:         0
          frame_id: wrist_roll_link
        vector:
          x: 1.0
          y: 0.0
          z: 0.0
      desired_distance: 0.15000000596
      min_distance: 0.144999995828
    post_grasp_retreat:
      direction:
        header:
          seq: 0
          stamp:
            secs: 0
            nsecs:         0
          frame_id: wrist_roll_link
        vector:
          x: -1.0
          y: 0.0
          z: 0.0
      desired_distance: 0.15000000596
      min_distance: 0.144999995828
    post_place_retreat:
      direction:
        header:
          seq: 0
          stamp:
            secs: 0
            nsecs:         0
          frame_id: ''
        vector:
          x: 0.0
          y: 0.0
          z: 0.0
      desired_distance: 0.0
      min_distance: 0.0
    max_contact_force: 0.0
    allowed_touch_objects: []
  -
    id: ''
    pre_grasp_posture:
      header:
        seq: 0
        stamp:
          secs: 0
          nsecs:         0
        frame_id: ''
      joint_names: ['l_gripper_finger_joint', 'r_gripper_finger_joint']
      points:
        -
          positions: [0.054333271086215974, 0.054333271086215974]
          velocities: []
          accelerations: []
          effort: [50.0, 50.0]
          time_from_start:
            secs: 2
            nsecs:         0
    grasp_posture:
      header:
        seq: 0
        stamp:
          secs: 0
          nsecs:         0
        frame_id: ''
      joint_names: ['l_gripper_finger_joint', 'r_gripper_finger_joint']
      points:
        -
          positions: [0.0, 0.0]
          velocities: []
          accelerations: []
          effort: [50.0, 50.0]
          time_from_start:
            secs: 2
            nsecs:         0
    grasp_pose:
      header:
        seq: 0
        stamp:
          secs: 269
          nsecs: 318000000
        frame_id: base_link
      pose:
        position:
          x: 0.889264597411
          y: 0.131747975198
          z: 0.894493998388
        orientation:
          x: -0.506539556214
          y: -0.0104933167933
          z: 0.861988634467
          w: -0.0168250698077
    grasp_quality: 0.7
    pre_grasp_approach:
      direction:
        header:
          seq: 0
          stamp:
            secs: 0
            nsecs:         0
          frame_id: wrist_roll_link
        vector:
          x: 1.0
          y: 0.0
          z: 0.0
      desired_distance: 0.15000000596
      min_distance: 0.144999995828
    post_grasp_retreat:
      direction:
        header:
          seq: 0
          stamp:
            secs: 0
            nsecs:         0
          frame_id: wrist_roll_link
        vector:
          x: -1.0
          y: 0.0
          z: 0.0
      desired_distance: 0.15000000596
      min_distance: 0.144999995828
    post_place_retreat:
      direction:
        header:
          seq: 0
          stamp:
            secs: 0
            nsecs:         0
          frame_id: ''
        vector:
          x: 0.0
          y: 0.0
          z: 0.0
      desired_distance: 0.0
      min_distance: 0.0
    max_contact_force: 0.0
    allowed_touch_objects: []
  -
    id: ''
    pre_grasp_posture:
      header:
        seq: 0
        stamp:
          secs: 0
          nsecs:         0
        frame_id: ''
      joint_names: ['l_gripper_finger_joint', 'r_gripper_finger_joint']
      points:
        -
          positions: [0.054333271086215974, 0.054333271086215974]
          velocities: []
          accelerations: []
          effort: [50.0, 50.0]
          time_from_start:
            secs: 2
            nsecs:         0
    grasp_posture:
      header:
        seq: 0
        stamp:
          secs: 0
          nsecs:         0
        frame_id: ''
      joint_names: ['l_gripper_finger_joint', 'r_gripper_finger_joint']
      points:
        -
          positions: [0.0, 0.0]
          velocities: []
          accelerations: []
          effort: [50.0, 50.0]
          time_from_start:
            secs: 2
            nsecs:         0
    grasp_pose:
      header:
        seq: 0
        stamp:
          secs: 269
          nsecs: 318000000
        frame_id: base_link
      pose:
        position:
          x: 0.990527804342
          y: 0.135951562039
          z: 0.715995032638
        orientation:
          x: 0.00371713910089
          y: -0.00044895923628
          z: 0.999796437629
          w: -0.0198240033612
    grasp_quality: 0.8
    pre_grasp_approach:
      direction:
        header:
          seq: 0
          stamp:
            secs: 0
            nsecs:         0
          frame_id: wrist_roll_link
        vector:
          x: 1.0
          y: 0.0
          z: 0.0
      desired_distance: 0.15000000596
      min_distance: 0.144999995828
    post_grasp_retreat:
      direction:
        header:
          seq: 0
          stamp:
            secs: 0
            nsecs:         0
          frame_id: wrist_roll_link
        vector:
          x: -1.0
          y: 0.0
          z: 0.0
      desired_distance: 0.15000000596
      min_distance: 0.144999995828
    post_place_retreat:
      direction:
        header:
          seq: 0
          stamp:
            secs: 0
            nsecs:         0
          frame_id: ''
        vector:
          x: 0.0
          y: 0.0
          z: 0.0
      desired_distance: 0.0
      min_distance: 0.0
    max_contact_force: 0.0
    allowed_touch_objects: []
  -
    id: ''
    pre_grasp_posture:
      header:
        seq: 0
        stamp:
          secs: 0
          nsecs:         0
        frame_id: ''
      joint_names: ['l_gripper_finger_joint', 'r_gripper_finger_joint']
      points:
        -
          positions: [0.054333271086215974, 0.054333271086215974]
          velocities: []
          accelerations: []
          effort: [50.0, 50.0]
          time_from_start:
            secs: 2
            nsecs:         0
    grasp_posture:
      header:
        seq: 0
        stamp:
          secs: 0
          nsecs:         0
        frame_id: ''
      joint_names: ['l_gripper_finger_joint', 'r_gripper_finger_joint']
      points:
        -
          positions: [0.0, 0.0]
          velocities: []
          accelerations: []
          effort: [50.0, 50.0]
          time_from_start:
            secs: 2
            nsecs:         0
    grasp_pose:
      header:
        seq: 0
        stamp:
          secs: 269
          nsecs: 318000000
        frame_id: base_link
      pose:
        position:
          x: 0.979145416759
          y: 0.135409696311
          z: 0.80237845207
        orientation:
          x: -0.243752020595
          y: -0.00533953921356
          z: 0.969634821239
          w: -0.0190966487835
    grasp_quality: 0.6
    pre_grasp_approach:
      direction:
        header:
          seq: 0
          stamp:
            secs: 0
            nsecs:         0
          frame_id: wrist_roll_link
        vector:
          x: 1.0
          y: 0.0
          z: 0.0
      desired_distance: 0.15000000596
      min_distance: 0.144999995828
    post_grasp_retreat:
      direction:
        header:
          seq: 0
          stamp:
            secs: 0
            nsecs:         0
          frame_id: wrist_roll_link
        vector:
          x: -1.0
          y: 0.0
          z: 0.0
      desired_distance: 0.15000000596
      min_distance: 0.144999995828
    post_place_retreat:
      direction:
        header:
          seq: 0
          stamp:
            secs: 0
            nsecs:         0
          frame_id: ''
        vector:
          x: 0.0
          y: 0.0
          z: 0.0
      desired_distance: 0.0
      min_distance: 0.0
    max_contact_force: 0.0
    allowed_touch_objects: []
  -
    id: ''
    pre_grasp_posture:
      header:
        seq: 0
        stamp:
          secs: 0
          nsecs:         0
        frame_id: ''
      joint_names: ['l_gripper_finger_joint', 'r_gripper_finger_joint']
      points:
        -
          positions: [0.054333271086215974, 0.054333271086215974]
          velocities: []
          accelerations: []
          effort: [50.0, 50.0]
          time_from_start:
            secs: 2
            nsecs:         0
    grasp_posture:
      header:
        seq: 0
        stamp:
          secs: 0
          nsecs:         0
        frame_id: ''
      joint_names: ['l_gripper_finger_joint', 'r_gripper_finger_joint']
      points:
        -
          positions: [0.0, 0.0]
          velocities: []
          accelerations: []
          effort: [50.0, 50.0]
          time_from_start:
            secs: 2
            nsecs:         0
    grasp_pose:
      header:
        seq: 0
        stamp:
          secs: 269
          nsecs: 318000000
        frame_id: base_link
      pose:
        position:
          x: 0.943955019518
          y: 0.133955155309
          z: 0.858419606487
        orientation:
          x: -0.378987176402
          y: -0.00799749002826
          z: 0.925189412991
          w: -0.01814477405
    grasp_quality: 0.25
    pre_grasp_approach:
      direction:
        header:
          seq: 0
          stamp:
            secs: 0
            nsecs:         0
          frame_id: wrist_roll_link
        vector:
          x: 1.0
          y: 0.0
          z: 0.0
      desired_distance: 0.15000000596
      min_distance: 0.144999995828
    post_grasp_retreat:
      direction:
        header:
          seq: 0
          stamp:
            secs: 0
            nsecs:         0
          frame_id: wrist_roll_link
        vector:
          x: -1.0
          y: 0.0
          z: 0.0
      desired_distance: 0.15000000596
      min_distance: 0.144999995828
    post_place_retreat:
      direction:
        header:
          seq: 0
          stamp:
            secs: 0
            nsecs:         0
          frame_id: ''
        vector:
          x: 0.0
          y: 0.0
          z: 0.0
      desired_distance: 0.0
      min_distance: 0.0
    max_contact_force: 0.0
    allowed_touch_objects: []]
